0 -23
-4 -16
-3 -19
-2 -21
-1 -22
0 -22
-4 -15
-3 -18
-2 -20
-1 -21
0 -21
-4 -14
-3 -17
-2 -19
-1 -20
0 -20
-4 -13
-3 -16
-2 -18
-1 -19
0 -19
-4 -12
-3 -15
-2 -17
-1 -18
0 -18
-4 -11
-3 -14
-2 -16
-1 -17
0 -17
-4 -10
-3 -13
-2 -15
-1 -16
0 -16
-4 -9
-3 -12
-2 -14
-1 -15
0 -15
-4 -8
-3 -11
-2 -13
-1 -14
0 -14
-4 -7
-3 -10
-2 -12
-1 -13
0 -13
-4 -6
-3 -9
-2 -11
-1 -12
0 -12
-4 -5
-3 -8
-2 -10
-1 -11
0 -11
-4 -4
-3 -7
-2 -9
-1 -10
0 -10
-4 -3
-3 -6
-2 -8
-1 -9
0 -9
-4 -2
-3 -5
-2 -7
-1 -8
0 -8
-4 -1
-3 -4
-2 -6
-1 -7
0 -7
-4 0
-3 -3
-2 -5
-1 -6
0 -6
-4 1
-3 -2
-2 -4
-1 -5
0 -5
-4 2
-3 -1
-2 -3
-1 -4
0 -4
-4 3
-3 0
-2 -2
-1 -3
0 -3
-4 4
-3 1
-2 -1
-1 -2
0 -2
-4 5
-3 2
-2 0
-1 -1
0 -1
-4 6
-3 3
-2 1
-1 0
