-4 1 4 -2 0 0 0 0
-4 1 5 -3 0 0 0 0
-4 1 5 -2 -1 0 0 0
-4 1 5 -2 0 0 0 0
-4 1 5 -1 0 0 0 0
-4 1 6 -5 1 0 0 0
-4 1 6 -4 0 0 0 0
-4 1 6 -3 -2 1 0 0
-4 1 6 -3 -1 0 0 0
-4 1 6 -3 0 0 0 0
-4 1 6 -2 -1 0 0 0
-4 1 6 -2 0 0 0 0
-4 1 6 -1 -1 0 0 0
-4 1 6 -1 0 0 0 0
-4 1 6 0 0 0 0 0
-4 1 7 -6 1 0 0 0
-4 1 7 -5 -1 1 0 0
-4 1 7 -5 0 0 0 0
-4 1 7 -4 -2 1 0 0
-4 1 7 -4 -1 0 0 0
-4 1 7 -4 0 0 0 0
-4 1 7 -3 -3 1 0 0
-4 1 7 -3 -2 0 0 0
-4 1 7 -3 -1 0 0 0
-4 1 7 -3 0 0 0 0
-4 1 7 -2 -3 0 0 0
-4 1 7 -2 -2 0 0 0
-4 1 7 -2 -1 0 0 0
-4 1 7 -2 0 0 0 0
-4 1 7 -1 -2 0 0 0
-4 1 7 -1 -1 0 0 0
-4 1 8 -8 2 0 0 0
-4 1 8 -7 0 1 0 0
-4 1 8 -7 1 0 0 0
-4 1 8 -6 -2 2 0 0
-4 1 8 -6 -1 1 0 0
-4 1 8 -6 0 0 0 0
-4 1 8 -6 1 0 0 0
-4 1 8 -5 -4 3 0 0
-4 1 8 -5 -3 2 0 0
-4 1 8 -5 -2 1 0 0
-4 1 8 -5 -1 0 0 0
-4 1 8 -5 0 0 0 0
-4 1 8 -4 -5 2 1 0
-4 1 8 -4 -4 2 0 0
-4 1 8 -4 -3 1 0 0
-4 1 8 -4 -2 0 0 0
-4 1 8 -4 -2 1 0 0
-4 1 8 -4 -1 0 0 0
-4 1 8 -4 0 0 0 0
-4 1 8 -3 -5 1 1 0
-4 1 8 -3 -4 0 0 0
-4 1 8 -3 -4 1 0 0
-4 1 8 -3 -3 0 0 0
-4 1 8 -3 -3 1 0 0
-4 1 8 -3 -2 0 0 0
-4 1 8 -3 -1 0 0 0
-4 1 8 -2 -5 -1 0 0
-4 1 8 -2 -4 0 0 0
-4 1 8 -2 -3 0 0 0
-4 1 9 -10 3 0 0 0
-4 1 9 -9 1 1 0 0
-4 1 9 -9 2 0 0 0
-4 1 9 -8 -2 4 -1 0
-4 1 9 -8 -1 2 0 0
-4 1 9 -8 0 1 0 0
-4 1 9 -8 1 0 0 0
-4 1 9 -7 -4 5 -1 0
-4 1 9 -7 -3 3 0 0
-4 1 9 -7 -2 2 0 0
-4 1 9 -7 -1 1 0 0
-4 1 9 -7 0 0 0 0
-4 1 9 -7 1 0 0 0
-4 1 9 -6 -5 4 0 0
-4 1 9 -6 -4 3 0 0
-4 1 9 -6 -3 2 0 0
-4 1 9 -6 -2 0 0 0
-4 1 9 -6 -2 1 0 0
-4 1 9 -6 -1 0 0 0
-4 1 9 -6 0 0 0 0
-4 1 9 -5 -6 3 1 0
-4 1 9 -5 -5 2 1 0
-4 1 9 -5 -5 3 0 0
-4 1 9 -5 -4 1 0 0
-4 1 9 -5 -4 2 0 0
-4 1 9 -5 -3 0 0 0
-4 1 9 -5 -3 1 0 0
-4 1 9 -5 -2 0 0 0
-4 1 9 -5 -2 1 0 0
-4 1 9 -5 -1 0 0 0
-4 1 9 -4 -6 1 1 0
-4 1 9 -4 -6 2 1 0
-4 1 9 -4 -5 0 0 0
-4 1 9 -4 -5 1 0 0
-4 1 9 -4 -5 2 0 0
-4 1 9 -4 -4 0 0 0
-4 1 9 -4 -4 1 0 0
-4 1 9 -3 -7 0 1 0
-4 1 9 -3 -6 -1 0 0
-4 1 9 -3 -5 -1 0 0
-4 1 10 -12 4 0 0 0
-4 1 10 -11 1 3 -1 0
-4 1 10 -11 2 1 0 0
-4 1 10 -11 3 0 0 0
-4 1 10 -10 -1 4 -1 0
-4 1 10 -10 0 2 0 0
-4 1 10 -10 1 1 0 0
-4 1 10 -10 2 0 0 0
-4 1 10 -9 -4 7 -2 0
-4 1 10 -9 -3 5 -1 0
-4 1 10 -9 -2 3 0 0
-4 1 10 -9 -1 2 0 0
-4 1 10 -9 0 1 0 0
-4 1 10 -9 1 0 0 0
-4 1 10 -9 2 0 0 0
-4 1 10 -8 -6 7 0 -1
-4 1 10 -8 -5 6 -1 0
-4 1 10 -8 -4 4 0 0
-4 1 10 -8 -4 5 -1 0
-4 1 10 -8 -3 3 0 0
-4 1 10 -8 -2 2 0 0
-4 1 10 -8 -1 0 0 0
-4 1 10 -8 -1 1 0 0
-4 1 10 -8 0 0 0 0
-4 1 10 -7 -7 6 1 -1
-4 1 10 -7 -6 5 0 0
-4 1 10 -7 -5 3 1 0
-4 1 10 -7 -5 4 0 0
-4 1 10 -7 -5 5 -1 0
-4 1 10 -7 -4 2 0 0
-4 1 10 -7 -4 3 0 0
-4 1 10 -7 -3 1 0 0
-4 1 10 -7 -3 2 0 0
-4 1 10 -7 -2 0 0 0
-4 1 10 -7 -2 1 0 0
-4 1 10 -6 -8 5 2 -1
-4 1 10 -6 -7 3 2 0
-4 1 10 -6 -7 4 1 0
-4 1 10 -6 -6 2 1 0
-4 1 10 -6 -6 3 0 0
-4 1 10 -6 -6 3 1 0
-4 1 10 -6 -5 1 0 0
-4 1 10 -6 -5 2 0 0
-4 1 10 -6 -5 2 1 0
-4 1 10 -6 -5 3 0 0
-4 1 10 -6 -4 0 0 0
-4 1 11 -15 7 -1 0 0
-4 1 11 -14 5 0 0 0
-4 1 11 -13 2 3 -1 0
-4 1 11 -13 3 1 0 0
-4 1 11 -13 4 0 0 0
-4 1 11 -12 -1 6 -2 0
-4 1 11 -12 0 4 -1 0
-4 1 11 -12 1 2 0 0
-4 1 11 -12 2 1 0 0
-4 1 11 -12 3 0 0 0
-4 1 11 -11 -4 9 -3 0
-4 1 11 -11 -3 7 -2 0
-4 1 11 -11 -2 5 -1 0
-4 1 11 -11 -1 3 0 0
-4 1 11 -11 -1 4 -1 0
-4 1 11 -11 0 2 0 0
-4 1 11 -11 1 1 0 0
-4 1 11 -11 2 0 0 0
-4 1 11 -10 -6 9 -1 -1
-4 1 11 -10 -5 7 0 -1
-4 1 11 -10 -5 8 -2 0
-4 1 11 -10 -4 6 -1 0
-4 1 11 -10 -3 4 0 0
-4 1 11 -10 -3 5 -1 0
-4 1 11 -10 -2 3 0 0
-4 1 11 -10 -1 1 0 0
-4 1 11 -10 -1 2 0 0
-4 1 11 -10 0 0 0 0
-4 1 11 -9 -8 9 1 -2
-4 1 11 -9 -7 8 0 -1
-4 1 11 -9 -6 6 0 0
-4 1 11 -9 -6 6 1 -1
-4 1 11 -9 -6 7 -1 0
-4 1 11 -9 -5 4 1 0
-4 1 11 -9 -5 5 0 0
-4 1 11 -9 -5 6 -1 0
-4 1 11 -9 -4 3 0 0
-4 1 11 -9 -4 3 1 0
-4 1 11 -9 -4 4 0 0
-4 1 11 -9 -3 2 0 0
-4 1 11 -9 -2 0 0 0
-4 1 11 -8 -8 6 2 -1
-4 1 11 -8 -7 4 2 0
-4 1 11 -8 -7 5 1 0
-4 1 11 -8 -7 6 -1 0
-4 1 11 -8 -7 6 0 0
-4 1 11 -8 -7 6 1 -1
-4 1 11 -8 -6 3 1 0
-4 1 12 -17 8 -1 0 0
-4 1 12 -16 5 2 -1 0
-4 1 12 -16 6 0 0 0
-4 1 12 -16 7 -1 0 0
-4 1 12 -15 2 5 -2 0
-4 1 12 -15 3 3 -1 0
-4 1 12 -15 4 1 0 0
-4 1 12 -15 5 0 0 0
-4 1 12 -14 -2 11 -6 1
-4 1 12 -14 -1 8 -3 0
-4 1 12 -14 0 6 -2 0
-4 1 12 -14 1 4 -1 0
-4 1 12 -14 2 2 0 0
-4 1 12 -14 3 1 0 0
-4 1 12 -14 4 0 0 0
-4 1 12 -13 -4 11 -4 0
-4 1 12 -13 -3 8 -1 -1
-4 1 12 -13 -3 9 -3 0
-4 1 12 -13 -2 7 -2 0
-4 1 12 -13 -1 5 -1 0
-4 1 12 -13 0 3 0 0
-4 1 12 -13 0 4 -1 0
-4 1 12 -13 1 2 0 0
-4 1 12 -13 2 0 0 0
-4 1 12 -12 -6 11 -2 -1
-4 1 12 -12 -6 12 -4 0
-4 1 12 -12 -5 9 -1 -1
-4 1 12 -12 -5 10 -3 0
-4 1 12 -12 -4 7 0 -1
-4 1 12 -12 -4 8 -2 0
-4 1 12 -12 -3 5 0 0
-4 1 12 -12 -3 6 -1 0
-4 1 12 -12 -3 7 -2 0
-4 1 12 -12 -2 4 0 0
-4 1 12 -12 -1 2 0 0
-4 1 12 -11 -8 11 0 -2
-4 1 12 -11 -7 9 1 -2
-4 1 12 -11 -7 10 -2 0
-4 1 12 -11 -7 10 -1 -1
-4 1 12 -11 -7 11 -3 0
-4 1 12 -11 -6 7 1 -1
-4 1 12 -11 -6 8 -1 0
-4 1 12 -11 -6 8 0 -1
-4 1 12 -11 -5 5 1 0
-4 1 12 -11 -5 6 0 0
-4 1 13 -20 11 -2 0 0
-4 1 13 -19 8 1 -1 0
-4 1 13 -19 9 -1 0 0
-4 1 13 -18 5 4 -2 0
-4 1 13 -18 6 2 -1 0
-4 1 13 -18 7 0 0 0
-4 1 13 -18 8 -1 0 0
-4 1 13 -17 1 10 -6 1
-4 1 13 -17 2 7 -3 0
-4 1 13 -17 3 5 -2 0
-4 1 13 -17 4 3 -1 0
-4 1 13 -17 5 1 0 0
-4 1 13 -17 6 0 0 0
-4 1 13 -16 -2 13 -7 1
-4 1 13 -16 -1 10 -4 0
-4 1 13 -16 0 7 -1 -1
-4 1 13 -16 0 8 -3 0
-4 1 13 -16 1 6 -2 0
-4 1 13 -16 2 4 -1 0
-4 1 13 -16 3 2 0 0
-4 1 13 -15 -5 16 -8 1
-4 1 13 -15 -4 13 -5 0
-4 1 13 -15 -4 14 -7 1
-4 1 13 -15 -3 10 -2 -1
-4 1 13 -15 -3 11 -4 0
-4 1 13 -15 -2 8 -1 -1
-4 1 13 -15 -2 9 -3 0
-4 1 13 -15 -1 6 -1 0
-4 1 13 -15 -1 7 -2 0
-4 1 13 -14 -6 13 -3 -1
-4 1 13 -14 -6 14 -5 0
-4 1 13 -14 -5 10 0 -2
-4 1 13 -14 -5 11 -2 -1
-4 1 13 -14 -5 12 -4 0
-4 1 13 -14 -4 8 0 -1
-4 1 13 -14 -4 9 -2 0
-4 1 13 -13 -9 15 -2 -2
-4 1 13 -13 -8 12 1 -3
-4 1 13 -13 -7 10 1 -2
-4 1 14 -23 14 -3 0 0
-4 1 14 -22 11 0 -1 0
-4 1 14 -22 12 -2 0 0
-4 1 14 -21 7 6 -5 1
-4 1 14 -21 8 3 -2 0
-4 1 14 -21 9 1 -1 0
-4 1 14 -21 10 -1 0 0
-4 1 14 -20 4 9 -6 1
-4 1 14 -20 5 6 -3 0
-4 1 14 -20 6 4 -2 0
-4 1 14 -20 7 2 -1 0
-4 1 14 -19 0 15 -10 2
-4 1 14 -19 1 12 -7 1
-4 1 14 -19 2 9 -4 0
-4 1 14 -19 2 10 -6 1
-4 1 14 -19 3 7 -3 0
-4 1 14 -19 4 5 -2 0
-4 1 14 -18 -3 18 -11 2
-4 1 14 -18 -2 15 -8 1
-4 1 14 -18 -1 12 -5 0
-4 1 14 -18 -1 13 -7 1
-4 1 14 -18 0 9 -2 -1
-4 1 14 -18 0 10 -4 0
-4 1 14 -18 1 7 -2 0
-4 1 14 -17 -5 18 -9 1
-4 1 14 -17 -4 15 -6 0
-4 1 14 -17 -3 11 -1 -2
-4 1 15 -26 17 -4 0 0
-4 1 15 -25 14 -1 -1 0
-4 1 15 -25 15 -3 0 0
-4 1 15 -24 10 5 -5 1
-4 1 15 -24 11 2 -2 0
-4 1 15 -24 12 0 -1 0
-4 1 15 -23 6 11 -9 2
-4 1 15 -23 7 8 -6 1
-4 1 15 -23 8 5 -3 0
-4 1 15 -23 9 3 -2 0
-4 1 15 -22 2 17 -13 3
-4 1 15 -22 3 14 -10 2
-4 1 15 -22 4 11 -7 1
-4 1 15 -22 5 8 -4 0
-4 1 15 -21 -1 20 -14 3
-4 1 15 -21 0 17 -11 2
-4 1 16 -30 23 -8 1 0
-4 1 16 -29 20 -5 0 0
-4 1 16 -28 16 1 -4 1
-4 1 16 -28 17 -2 -1 0
-4 1 16 -28 18 -4 0 0
-4 1 16 -27 12 7 -8 2
-4 1 16 -27 13 4 -5 1
-4 1 16 -26 8 13 -12 3
-4 1 16 -26 9 10 -9 2
-4 1 16 -25 4 19 -16 4
-4 1 17 -33 26 -9 1 0
-4 1 17 -32 22 -3 -3 1
-4 1 17 -32 23 -6 0 0
-4 1 17 -31 18 3 -7 2
-4 1 18 -37 32 -13 2 0
