-3 -3 11 -7 1 0 0 0
-3 -3 11 -6 0 0 0 0
-3 -3 12 -9 2 0 0 0
-3 -3 12 -8 1 0 0 0
-3 -3 12 -7 -1 1 0 0
-3 -3 12 -7 0 0 0 0
-3 -3 12 -7 1 0 0 0
-3 -3 12 -6 -3 2 0 0
-3 -3 12 -6 -2 1 0 0
-3 -3 12 -6 -1 0 0 0
-3 -3 12 -6 0 0 0 0
-3 -3 12 -5 -2 0 0 0
-3 -3 12 -5 -1 0 0 0
-3 -3 12 -5 0 0 0 0
-3 -3 12 -4 0 0 0 0
-3 -3 13 -10 2 0 0 0
-3 -3 13 -9 0 1 0 0
-3 -3 13 -9 1 0 0 0
-3 -3 13 -8 -2 2 0 0
-3 -3 13 -8 -1 1 0 0
-3 -3 13 -8 0 0 0 0
-3 -3 13 -8 1 0 0 0
-3 -3 13 -7 -5 5 -1 0
-3 -3 13 -7 -4 3 0 0
-3 -3 13 -7 -3 2 0 0
-3 -3 13 -7 -2 1 0 0
-3 -3 13 -7 -1 0 0 0
-3 -3 13 -7 0 0 0 0
-3 -3 13 -7 1 0 0 0
-3 -3 13 -6 -6 4 0 0
-3 -3 13 -6 -5 3 0 0
-3 -3 13 -6 -4 2 0 0
-3 -3 13 -6 -3 1 0 0
-3 -3 13 -6 -2 0 0 0
-3 -3 13 -6 -2 1 0 0
-3 -3 13 -6 -1 0 0 0
-3 -3 13 -6 0 0 0 0
-3 -3 13 -5 -5 2 0 0
-3 -3 13 -5 -4 0 0 0
-3 -3 13 -5 -4 1 0 0
-3 -3 13 -5 -3 0 0 0
-3 -3 13 -5 -3 1 0 0
-3 -3 13 -5 -2 0 0 0
-3 -3 13 -4 -4 0 0 0
-3 -3 14 -12 3 0 0 0
-3 -3 14 -11 1 1 0 0
-3 -3 14 -11 2 0 0 0
-3 -3 14 -10 -1 2 0 0
-3 -3 14 -10 0 1 0 0
-3 -3 14 -10 1 0 0 0
-3 -3 14 -10 2 0 0 0
-3 -3 14 -9 -4 5 -1 0
-3 -3 14 -9 -3 3 0 0
-3 -3 14 -9 -2 2 0 0
-3 -3 14 -9 -1 1 0 0
-3 -3 14 -9 0 0 0 0
-3 -3 14 -9 1 0 0 0
-3 -3 14 -8 -7 8 -2 0
-3 -3 14 -8 -6 6 -1 0
-3 -3 14 -8 -5 4 0 0
-3 -3 14 -8 -5 5 -1 0
-3 -3 14 -8 -4 3 0 0
-3 -3 14 -8 -3 2 0 0
-3 -3 14 -8 -2 1 0 0
-3 -3 14 -8 -1 0 0 0
-3 -3 14 -8 -1 1 0 0
-3 -3 14 -8 0 0 0 0
-3 -3 14 -7 -9 9 -2 0
-3 -3 14 -7 -8 6 1 -1
-3 -3 14 -7 -8 7 -1 0
-3 -3 14 -7 -7 5 0 0
-3 -3 14 -7 -7 6 -1 0
-3 -3 14 -7 -6 3 1 0
-3 -3 14 -7 -6 4 0 0
-3 -3 14 -7 -5 3 0 0
-3 -3 14 -7 -4 2 0 0
-3 -3 14 -7 -3 0 0 0
-3 -3 14 -7 -3 1 0 0
-3 -3 14 -7 -2 0 0 0
-3 -3 14 -6 -9 6 0 0
-3 -3 14 -6 -8 4 1 0
-3 -3 14 -6 -8 5 0 0
-3 -3 14 -6 -8 6 -1 0
-3 -3 14 -6 -7 3 1 0
-3 -3 14 -6 -7 4 0 0
-3 -3 14 -6 -6 2 0 0
-3 -3 14 -6 -6 2 1 0
-3 -3 14 -6 -6 3 0 0
-3 -3 14 -6 -5 1 0 0
-3 -3 14 -6 -5 2 0 0
-3 -3 14 -6 -4 0 0 0
-3 -3 14 -5 -9 3 2 0
-3 -3 14 -5 -8 2 1 0
-3 -3 14 -5 -8 3 0 0
-3 -3 14 -5 -8 3 1 0
-3 -3 14 -5 -8 4 0 0
-3 -3 14 -5 -7 1 0 0
-3 -3 14 -5 -7 2 0 0
-3 -3 14 -5 -6 0 0 0
-3 -3 15 -14 4 0 0 0
-3 -3 15 -13 2 1 0 0
-3 -3 15 -13 3 0 0 0
-3 -3 15 -12 -1 4 -1 0
-3 -3 15 -12 0 2 0 0
-3 -3 15 -12 1 1 0 0
-3 -3 15 -12 2 0 0 0
-3 -3 15 -11 -3 5 -1 0
-3 -3 15 -11 -2 3 0 0
-3 -3 15 -11 -1 2 0 0
-3 -3 15 -11 0 1 0 0
-3 -3 15 -11 1 0 0 0
-3 -3 15 -10 -6 8 -2 0
-3 -3 15 -10 -5 6 -1 0
-3 -3 15 -10 -4 4 0 0
-3 -3 15 -10 -4 5 -1 0
-3 -3 15 -10 -3 3 0 0
-3 -3 15 -10 -2 2 0 0
-3 -3 15 -10 -1 0 0 0
-3 -3 15 -10 -1 1 0 0
-3 -3 15 -10 0 0 0 0
-3 -3 15 -9 -9 11 -3 0
-3 -3 15 -9 -8 8 0 -1
-3 -3 15 -9 -8 9 -2 0
-3 -3 15 -9 -7 7 -1 0
-3 -3 15 -9 -6 5 0 0
-3 -3 15 -9 -6 6 -1 0
-3 -3 15 -9 -5 3 1 0
-3 -3 15 -9 -5 4 0 0
-3 -3 15 -9 -4 3 0 0
-3 -3 15 -9 -3 1 0 0
-3 -3 15 -9 -3 2 0 0
-3 -3 15 -9 -2 0 0 0
-3 -3 15 -8 -12 14 -4 0
-3 -3 15 -8 -11 11 -1 -1
-3 -3 15 -8 -11 12 -3 0
-3 -3 15 -8 -10 9 0 -1
-3 -3 15 -8 -10 10 -2 0
-3 -3 15 -8 -9 7 1 -1
-3 -3 15 -8 -9 8 -1 0
-3 -3 15 -8 -9 9 -2 0
-3 -3 15 -8 -8 6 0 0
-3 -3 15 -8 -8 7 -1 0
-3 -3 15 -8 -7 4 1 0
-3 -3 15 -8 -7 5 0 0
-3 -3 15 -8 -7 6 -1 0
-3 -3 15 -8 -6 3 0 0
-3 -3 15 -8 -6 3 1 0
-3 -3 15 -8 -6 4 0 0
-3 -3 15 -8 -5 2 0 0
-3 -3 15 -7 -13 11 1 -2
-3 -3 15 -7 -12 9 2 -2
-3 -3 15 -7 -12 10 0 -1
-3 -3 15 -7 -12 11 -2 0
-3 -3 15 -7 -11 8 1 -1
-3 -3 15 -7 -11 9 -1 0
-3 -3 15 -7 -11 10 -2 0
-3 -3 15 -7 -10 6 1 0
-3 -3 15 -7 -10 6 2 -1
-3 -3 15 -7 -10 7 0 0
-3 -3 15 -7 -10 7 1 -1
-3 -3 15 -7 -10 8 -1 0
-3 -3 15 -7 -9 4 2 0
-3 -3 15 -7 -9 5 1 0
-3 -3 15 -7 -9 6 0 0
-3 -3 15 -7 -8 3 1 0
-3 -3 15 -6 -13 8 3 -2
-3 -3 15 -6 -12 6 3 -1
-3 -3 15 -6 -12 7 1 0
-3 -3 15 -6 -12 7 2 -1
-3 -3 15 -6 -12 8 0 0
-3 -3 15 -6 -11 4 3 0
-3 -3 15 -5 -13 4 4 0
-3 -3 16 -17 7 -1 0 0
-3 -3 16 -16 5 0 0 0
-3 -3 16 -15 2 3 -1 0
-3 -3 16 -15 3 1 0 0
-3 -3 16 -15 4 0 0 0
-3 -3 16 -14 0 4 -1 0
-3 -3 16 -14 1 2 0 0
-3 -3 16 -14 2 1 0 0
-3 -3 16 -14 3 0 0 0
-3 -3 16 -13 -3 7 -2 0
-3 -3 16 -13 -2 5 -1 0
-3 -3 16 -13 -1 3 0 0
-3 -3 16 -13 0 2 0 0
-3 -3 16 -13 1 1 0 0
-3 -3 16 -12 -6 10 -3 0
-3 -3 16 -12 -5 7 0 -1
-3 -3 16 -12 -5 8 -2 0
-3 -3 16 -12 -4 6 -1 0
-3 -3 16 -12 -3 4 0 0
-3 -3 16 -12 -3 5 -1 0
-3 -3 16 -12 -2 3 0 0
-3 -3 16 -12 -1 2 0 0
-3 -3 16 -11 -10 16 -7 1
-3 -3 16 -11 -9 13 -4 0
-3 -3 16 -11 -8 10 -1 -1
-3 -3 16 -11 -8 11 -3 0
-3 -3 16 -11 -7 8 0 -1
-3 -3 16 -11 -7 9 -2 0
-3 -3 16 -11 -6 7 -1 0
-3 -3 16 -11 -6 8 -2 0
-3 -3 16 -11 -5 5 0 0
-3 -3 16 -11 -5 6 -1 0
-3 -3 16 -11 -4 4 0 0
-3 -3 16 -11 -3 2 0 0
-3 -3 16 -10 -13 19 -8 1
-3 -3 16 -10 -12 16 -5 0
-3 -3 16 -10 -11 13 -2 -1
-3 -3 16 -10 -11 14 -4 0
-3 -3 16 -10 -10 10 1 -2
-3 -3 16 -10 -10 11 -1 -1
-3 -3 16 -10 -10 12 -3 0
-3 -3 16 -10 -9 9 0 -1
-3 -3 16 -10 -9 10 -2 0
-3 -3 16 -10 -8 7 1 -1
-3 -3 16 -10 -8 8 -1 0
-3 -3 16 -10 -8 9 -2 0
-3 -3 16 -10 -7 5 1 0
-3 -3 16 -10 -7 6 0 0
-3 -3 16 -10 -6 4 0 0
-3 -3 16 -9 -14 16 -3 -1
-3 -3 16 -9 -14 17 -5 0
-3 -3 16 -9 -13 13 0 -2
-3 -3 16 -9 -13 14 -2 -1
-3 -3 16 -9 -13 15 -4 0
-3 -3 16 -9 -12 11 1 -2
-3 -3 16 -9 -12 12 -1 -1
-3 -3 16 -9 -12 13 -3 0
-3 -3 16 -9 -11 9 2 -2
-3 -3 16 -9 -11 10 -1 0
-3 -3 16 -9 -11 10 0 -1
-3 -3 16 -9 -11 11 -2 0
-3 -3 16 -9 -10 7 2 -1
-3 -3 16 -9 -9 5 2 0
-3 -3 16 -8 -16 16 -1 -2
-3 -3 16 -8 -15 13 2 -3
-3 -3 16 -8 -15 14 0 -2
-3 -3 16 -8 -15 15 -2 -1
-3 -3 16 -8 -14 11 3 -3
-3 -3 16 -8 -14 12 1 -2
-3 -3 16 -8 -13 9 3 -2
-3 -3 17 -19 8 -1 0 0
-3 -3 17 -18 6 0 0 0
-3 -3 17 -17 3 3 -1 0
-3 -3 17 -17 4 1 0 0
-3 -3 17 -17 5 0 0 0
-3 -3 17 -16 0 6 -2 0
-3 -3 17 -16 1 4 -1 0
-3 -3 17 -16 2 2 0 0
-3 -3 17 -16 3 1 0 0
-3 -3 17 -15 -3 9 -3 0
-3 -3 17 -15 -2 7 -2 0
-3 -3 17 -15 -1 5 -1 0
-3 -3 17 -15 0 3 0 0
-3 -3 17 -15 0 4 -1 0
-3 -3 17 -15 2 0 0 0
-3 -3 17 -14 -7 15 -7 1
-3 -3 17 -14 -6 12 -4 0
-3 -3 17 -14 -5 9 -1 -1
-3 -3 17 -14 -5 10 -3 0
-3 -3 17 -14 -4 8 -2 0
-3 -3 17 -14 -3 6 -1 0
-3 -3 17 -14 -2 4 0 0
-3 -3 17 -13 -10 18 -8 1
-3 -3 17 -13 -9 15 -5 0
-3 -3 17 -13 -8 12 -2 -1
-3 -3 17 -13 -8 13 -4 0
-3 -3 17 -13 -7 10 -1 -1
-3 -3 17 -13 -7 11 -3 0
-3 -3 17 -13 -6 8 0 -1
-3 -3 17 -13 -5 6 0 0
-3 -3 17 -12 -14 24 -12 2
-3 -3 17 -12 -13 21 -9 1
-3 -3 17 -12 -12 18 -6 0
-3 -3 17 -12 -12 19 -8 1
-3 -3 17 -12 -11 15 -3 -1
-3 -3 17 -12 -11 16 -5 0
-3 -3 17 -12 -10 12 0 -2
-3 -3 17 -12 -10 13 -2 -1
-3 -3 17 -12 -9 10 1 -2
-3 -3 17 -11 -17 27 -13 2
-3 -3 17 -11 -16 24 -10 1
-3 -3 17 -11 -15 21 -7 0
-3 -3 17 -11 -15 22 -9 1
-3 -3 17 -11 -14 18 -4 -1
-3 -3 17 -11 -14 19 -6 0
-3 -3 18 -21 9 -1 0 0
-3 -3 18 -20 6 2 -1 0
-3 -3 18 -20 7 0 0 0
-3 -3 18 -20 8 -1 0 0
-3 -3 18 -19 3 5 -2 0
-3 -3 18 -19 4 3 -1 0
-3 -3 18 -19 5 1 0 0
-3 -3 18 -19 6 0 0 0
-3 -3 18 -18 -1 11 -6 1
-3 -3 18 -18 0 8 -3 0
-3 -3 18 -18 1 6 -2 0
-3 -3 18 -18 2 4 -1 0
-3 -3 18 -18 3 2 0 0
-3 -3 18 -17 -4 14 -7 1
-3 -3 18 -17 -3 11 -4 0
-3 -3 18 -17 -2 8 -1 -1
-3 -3 18 -17 -2 9 -3 0
-3 -3 18 -17 -1 7 -2 0
-3 -3 18 -16 -8 20 -11 2
-3 -3 18 -16 -7 17 -8 1
-3 -3 18 -16 -6 14 -5 0
-3 -3 18 -16 -6 15 -7 1
-3 -3 18 -16 -5 11 -2 -1
-3 -3 18 -16 -5 12 -4 0
-3 -3 18 -15 -11 23 -12 2
-3 -3 18 -15 -10 20 -9 1
-3 -3 18 -14 -15 29 -16 3
-3 -3 18 -14 -14 26 -13 2
-3 -3 19 -24 12 -2 0 0
-3 -3 19 -23 9 1 -1 0
-3 -3 19 -23 10 -1 0 0
-3 -3 19 -22 6 4 -2 0
-3 -3 19 -22 7 2 -1 0
-3 -3 19 -21 2 10 -6 1
-3 -3 19 -21 3 7 -3 0
-3 -3 19 -20 -1 13 -7 1
-3 -3 19 -20 0 10 -4 0
-3 -3 19 -19 -5 19 -11 2
-3 -3 20 -27 15 -3 0 0
-3 -3 20 -26 12 0 -1 0
-3 -3 20 -26 13 -2 0 0
-3 -3 20 -25 8 6 -5 1
-3 -3 21 -30 18 -4 0 0
-3 -3 10 1 -10 2 3 -1
-3 -3 10 5 -8 -4 0 0
-3 -3 7 2 0 0 0 0
-3 -3 9 0 -4 1 0 0
-3 -3 11 -2 -8 4 0 0
-3 -3 9 4 -5 -2 0 0
-3 -3 11 2 -13 1 5 -1
-3 -3 11 2 -9 -1 0 0
-3 -3 11 4 -11 -5 2 1
-3 -3 13 -2 -15 8 3 -2
-3 -3 15 -6 -17 17 -3 -1
-3 -3 12 -3 -5 2 0 0
-3 -3 14 -5 -11 7 0 0
-3 -3 16 -9 -15 20 -8 1
-3 -3 12 -1 -6 1 0 0
-3 -3 14 -3 -14 6 3 -1
-3 -3 14 -3 -12 4 0 0
-3 -3 12 1 -9 -2 0 0
-3 -3 10 5 -8 -4 0 0
-3 -3 15 -6 -13 9 1 -1
-3 -3 13 -4 -4 1 0 0
-3 -3 13 -4 -5 2 0 0
-3 -3 15 -6 -13 9 1 -1
-3 -3 11 -2 0 0 0 0
-3 -3 13 -2 -15 8 3 -2
-3 -3 9 0 -4 1 0 0
-3 -3 14 -3 -12 4 0 0
-3 -3 14 -3 -14 6 3 -1
-3 -3 14 -5 -11 7 0 0
-3 -3 12 -5 -2 1 0 0
-3 -3 11 2 -9 -1 0 0
-3 -3 11 2 -13 1 5 -1
-3 -3 11 -2 -8 4 0 0
-3 -3 6 3 -3 -1 0 0
-3 -3 14 -3 -12 4 0 0
-3 -3 11 -2 0 0 0 0
-3 -3 13 -4 -5 2 0 0
-3 -3 15 -6 -12 8 0 0
-3 -3 6 3 -3 -1 0 0
-3 -3 10 1 -10 2 3 -1
-3 -3 10 5 -8 -4 0 0
-3 -3 12 1 -9 -2 0 0
-3 -3 14 -3 -12 4 0 0
-3 -3 7 6 -1 -1 0 0
-3 -3 11 2 -13 1 5 -1
-3 -3 10 5 -8 -4 0 0
-3 -3 14 -3 -12 4 0 0
-3 -3 15 -6 -12 8 0 0
-3 -3 14 -3 -12 4 0 0
