-2 -8 0 0 0 0 0 0
-2 -8 3 3 -1 0 0 0
-2 -8 5 10 -1 -2 0 0
-2 -8 6 6 -4 0 0 0
-2 -8 6 7 0 0 0 0
-2 -8 7 9 2 0 0 0
-2 -8 7 12 -1 0 0 0
-2 -8 8 9 -8 1 0 0
-2 -8 8 11 2 0 0 0
-2 -8 8 13 -4 -5 0 0
-2 -8 9 9 -9 0 0 0
-2 -8 9 10 -8 -3 2 0
-2 -8 9 11 -6 -2 0 0
-2 -8 9 12 -6 -6 -1 0
-2 -8 9 13 0 0 0 0
-2 -8 10 11 -16 4 0 0
-2 -8 10 11 -10 -3 2 0
-2 -8 10 12 -8 -4 2 0
-2 -8 10 13 -6 -5 0 0
-2 -8 10 15 -4 0 0 0
-2 -8 10 16 -2 -5 -1 0
-2 -8 11 12 -16 -3 5 0
-2 -8 11 12 -14 1 0 0
-2 -8 11 13 -14 -2 0 0
-2 -8 11 13 -12 -2 2 0
-2 -8 11 14 -10 -5 2 0
-2 -8 11 14 -7 0 0 0
-2 -8 11 15 -12 -10 1 1
-2 -8 11 15 -9 -8 -1 0
-2 -8 11 15 -8 -8 0 0
-2 -8 12 9 -19 8 -1 0
-2 -8 12 12 -16 0 0 0
-2 -8 12 13 -18 -6 8 0
-2 -8 12 14 -18 4 0 0
-2 -8 12 14 -16 -7 5 0
-2 -8 13 12 -26 7 5 -2
-2 -8 18 -11 2 0 0 0
-2 -8 18 -10 1 0 0 0
-2 -8 18 -9 0 0 0 0
