-2 -9 17 -3 0 0 0 0
-2 -9 18 -7 0 0 0 0
-2 -9 18 -3 -8 3 0 0
-2 -9 19 -9 -1 1 0 0
-2 -9 15 8 -14 1 0 0
-2 -9 14 21 -20 -20 4 4
-2 -9 16 11 -30 13 0 0
-2 -9 20 11 -42 13 16 -8
-2 -9 9 24 5 -3 0 0
-2 -9 14 21 -24 -8 0 0
-2 -9 16 21 -32 -1 6 1
-2 -9 16 23 -34 -11 12 4
-2 -9 18 17 -40 16 0 0
-2 -9 18 19 -42 6 8 1
-2 -9 20 15 -50 25 0 0
-2 -9 14 21 -24 -8 0 0
-2 -9 9 24 5 -3 0 0
-2 -9 20 11 -42 13 16 -8
-2 -9 14 21 -20 -20 4 4
-2 -9 16 11 -30 13 0 0
-2 -9 15 8 -14 1 0 0
-2 -9 13 18 -21 -9 8 1
-2 -9 13 20 -13 -19 -3 1
-2 -9 16 -1 -6 1 0 0
-2 -9 18 9 -16 -8 0 0
-2 -9 16 23 -34 -11 12 4
-2 -9 20 3 -26 13 0 0
-2 -9 20 3 -26 13 0 0
-2 -9 16 21 -28 -13 6 1
-2 -9 14 13 0 0 0 0
-2 -9 13 18 -21 -9 8 1
-2 -9 28 -17 -17 24 -9 1
-2 -9 26 -9 -30 34 -12 1
-2 -9 24 -5 -22 13 0 0
-2 -9 20 11 -42 13 16 -8
-2 -9 27 -4 -56 72 -35 6
-2 -9 16 21 -28 -13 6 1
-2 -9 20 15 -50 25 0 0
-2 -9 18 17 -40 16 0 0
-2 -9 18 19 -42 6 8 1
-2 -9 16 21 -32 -1 6 1
-2 -9 16 23 -34 -11 12 4
-2 -9 16 21 -28 -13 6 1
-2 -9 27 -4 -56 72 -35 6
-2 -9 20 11 -42 13 16 -8
-2 -9 26 -9 -30 34 -12 1
-2 -9 24 -5 -22 13 0 0
-2 -9 28 -17 -17 24 -9 1
-2 -9 22 -1 -26 14 4 -3
-2 -9 20 7 -34 9 16 -8
-2 -9 20 3 -26 13 0 0
-2 -9 14 21 -20 -20 4 4
-2 -9 14 21 -24 -8 0 0
-2 -9 25 -2 -35 18 12 -8
-2 -9 20 7 -34 9 16 -8
-2 -9 27 -4 -56 72 -35 6
-2 -9 25 -2 -35 18 12 -8
-2 -9 32 -29 -10 33 -20 4
