0 -10 -2 1 0 0 0 0
0 -10 -2 2 0 0 0 0
0 -10 -2 3 0 0 0 0
0 -10 -1 1 0 0 0 0
0 -10 -1 2 0 0 0 0
0 -10 -1 3 0 0 0 0
0 -10 -1 4 0 0 0 0
0 -10 -1 4 1 0 0 0
0 -10 -1 5 -1 0 0 0
0 -10 -1 5 0 0 0 0
0 -10 -1 5 1 0 0 0
0 -10 -1 6 0 0 0 0
0 -10 -1 6 1 0 0 0
0 -10 -1 6 2 0 0 0
0 -10 0 0 0 0 0 0
0 -10 0 1 0 0 0 0
0 -10 0 2 0 0 0 0
0 -10 0 3 0 0 0 0
0 -10 0 4 0 0 0 0
0 -10 0 5 -1 0 0 0
0 -10 0 5 0 0 0 0
0 -10 0 5 1 0 0 0
0 -10 0 6 -1 0 0 0
0 -10 0 6 0 0 0 0
0 -10 0 6 1 0 0 0
0 -10 0 7 -2 0 0 0
0 -10 0 7 -1 0 0 0
0 -10 0 7 0 -1 0 0
0 -10 0 7 0 0 0 0
0 -10 0 7 1 0 0 0
0 -10 0 7 2 0 0 0
0 -10 0 8 -2 0 0 0
0 -10 0 8 -1 -1 0 0
0 -10 0 8 -1 0 0 0
0 -10 0 8 0 -1 0 0
0 -10 0 8 0 0 0 0
0 -10 0 8 1 -1 0 0
0 -10 0 8 1 0 0 0
0 -10 0 8 2 0 0 0
0 -10 0 9 0 -2 0 0
0 -10 0 9 0 -1 0 0
0 -10 0 9 0 0 0 0
0 -10 1 1 0 0 0 0
0 -10 1 2 0 0 0 0
0 -10 1 3 0 0 0 0
0 -10 1 4 -1 0 0 0
0 -10 1 4 0 0 0 0
0 -10 1 5 -1 0 0 0
0 -10 1 5 0 0 0 0
0 -10 1 5 1 0 0 0
0 -10 1 6 -2 0 0 0
0 -10 1 6 -1 0 0 0
0 -10 1 6 0 0 0 0
0 -10 2 1 0 0 0 0
0 -10 2 2 0 0 0 0
0 -10 2 3 0 0 0 0
0 -10 -12 5 12 4 0 0
0 -10 -8 13 11 -5 -3 1
0 -10 -6 13 10 1 0 0
0 -10 -4 13 0 0 0 0
0 -10 -4 17 4 -8 -1 1
0 -10 -4 21 8 -16 -4 4
0 -10 0 21 0 -8 0 0
0 -10 -7 20 23 6 0 0
0 -10 -2 27 10 -9 -2 1
0 -10 -2 29 10 -19 -4 4
0 -10 0 25 0 0 0 0
0 -10 0 27 0 -10 0 1
0 -10 0 29 0 -20 0 4
0 -10 0 31 0 -30 0 9
0 -10 2 27 -10 -9 2 1
0 -10 2 29 -10 -19 4 4
0 -10 -7 20 23 6 0 0
0 -10 0 21 0 -8 0 0
0 -10 -6 13 10 1 0 0
0 -10 -4 21 8 -16 -4 4
0 -10 -4 17 4 -8 -1 1
0 -10 -4 13 0 0 0 0
0 -10 -8 13 11 -5 -3 1
0 -10 -12 5 12 4 0 0
0 -10 -2 13 2 -3 0 0
0 -10 0 13 0 0 0 0
0 -10 4 21 -8 -16 4 4
0 -10 4 21 -8 -16 4 4
0 -10 -5 18 4 -8 0 0
0 -10 -2 29 10 -19 -4 4
0 -10 0 17 0 -8 0 0
0 -10 -5 18 10 -10 -5 1
0 -10 -12 5 12 4 0 0
0 -10 -8 9 7 1 0 0
0 -10 -8 13 11 -5 -3 1
0 -10 -4 13 0 0 0 0
0 -10 -4 17 4 -8 -1 1
0 -10 -4 21 8 -16 -4 4
0 -10 -5 18 4 -8 0 0
0 -10 -4 21 8 -16 -4 4
0 -10 12 5 -12 4 0 0
0 -10 8 13 -11 -5 3 1
0 -10 6 13 -10 1 0 0
0 -10 4 13 0 0 0 0
0 -10 4 17 -4 -8 1 1
0 -10 4 21 -8 -16 4 4
0 -10 0 21 0 -8 0 0
0 -10 7 20 -23 6 0 0
0 -10 2 27 -10 -9 2 1
0 -10 2 29 -10 -19 4 4
0 -10 0 25 0 0 0 0
0 -10 0 27 0 -10 0 1
0 -10 0 29 0 -20 0 4
0 -10 0 31 0 -30 0 9
0 -10 -2 27 10 -9 -2 1
0 -10 -2 29 10 -19 -4 4
0 -10 7 20 -23 6 0 0
0 -10 0 21 0 -8 0 0
0 -10 6 13 -10 1 0 0
0 -10 4 21 -8 -16 4 4
0 -10 4 17 -4 -8 1 1
0 -10 4 13 0 0 0 0
0 -10 8 13 -11 -5 3 1
0 -10 12 5 -12 4 0 0
0 -10 2 13 -2 -3 0 0
0 -10 0 13 0 0 0 0
0 -10 -4 21 8 -16 -4 4
0 -10 -4 21 8 -16 -4 4
0 -10 5 18 -4 -8 0 0
0 -10 2 29 -10 -19 4 4
0 -10 0 17 0 -8 0 0
0 -10 5 18 -10 -10 5 1
0 -10 12 5 -12 4 0 0
0 -10 8 9 -7 1 0 0
0 -10 8 13 -11 -5 3 1
0 -10 4 13 0 0 0 0
0 -10 4 17 -4 -8 1 1
0 -10 4 21 -8 -16 4 4
0 -10 5 18 -4 -8 0 0
0 -10 4 21 -8 -16 4 4
