-3 -4 10 -4 0 0 0 0
-3 -4 11 -5 0 0 0 0
-3 -4 11 -4 -1 0 0 0
-3 -4 11 -4 0 0 0 0
-3 -4 11 -3 -2 0 0 0
-3 -4 11 -3 -1 0 0 0
-3 -4 11 -3 0 0 0 0
-3 -4 11 -2 0 0 0 0
-3 -4 12 -7 1 0 0 0
-3 -4 12 -6 0 0 0 0
-3 -4 12 -5 -2 1 0 0
-3 -4 12 -5 -1 0 0 0
-3 -4 12 -5 0 0 0 0
-3 -4 12 -4 -3 1 0 0
-3 -4 12 -4 -2 0 0 0
-3 -4 12 -4 -1 0 0 0
-3 -4 12 -4 0 0 0 0
-3 -4 12 -3 -5 2 0 0
-3 -4 12 -3 -4 1 0 0
-3 -4 12 -3 -3 0 0 0
-3 -4 12 -3 -3 1 0 0
-3 -4 12 -3 -2 0 0 0
-3 -4 12 -3 -1 0 0 0
-3 -4 12 -3 0 0 0 0
-3 -4 12 -2 -4 0 0 0
-3 -4 12 -2 -3 0 0 0
-3 -4 12 -2 -2 0 0 0
-3 -4 12 -2 -1 0 0 0
-3 -4 12 -2 0 0 0 0
-3 -4 12 -1 -2 0 0 0
-3 -4 12 -1 -1 0 0 0
-3 -4 12 -1 0 0 0 0
-3 -4 12 0 0 0 0 0
-3 -4 13 -8 1 0 0 0
-3 -4 13 -7 -1 1 0 0
-3 -4 13 -7 0 0 0 0
-3 -4 13 -7 1 0 0 0
-3 -4 13 -6 -2 1 0 0
-3 -4 13 -6 -1 0 0 0
-3 -4 13 -6 0 0 0 0
-3 -4 13 -5 -4 2 0 0
-3 -4 13 -5 -3 1 0 0
-3 -4 13 -5 -2 0 0 0
-3 -4 13 -5 -1 0 0 0
-3 -4 13 -5 0 0 0 0
-3 -4 13 -4 -6 3 0 0
-3 -4 13 -4 -5 2 0 0
-3 -4 13 -4 -4 1 0 0
-3 -4 13 -4 -3 0 0 0
-3 -4 13 -4 -3 1 0 0
-3 -4 13 -4 -2 0 0 0
-3 -4 13 -4 -1 0 0 0
-3 -4 13 -4 0 0 0 0
-3 -4 13 -3 -8 4 0 0
-3 -4 13 -3 -7 2 1 0
-3 -4 13 -3 -7 3 0 0
-3 -4 13 -3 -6 2 0 0
-3 -4 13 -3 -5 1 0 0
-3 -4 13 -3 -4 0 0 0
-3 -4 13 -3 -4 1 0 0
-3 -4 13 -3 -3 0 0 0
-3 -4 13 -3 -2 0 0 0
-3 -4 13 -3 -1 0 0 0
-3 -4 13 -3 0 0 0 0
-3 -4 13 -2 -7 1 1 0
-3 -4 13 -2 -7 2 0 0
-3 -4 13 -2 -6 1 0 0
-3 -4 13 -2 -6 2 0 0
-3 -4 13 -2 -5 0 0 0
-3 -4 13 -2 -5 1 0 0
-3 -4 13 -2 -4 0 0 0
-3 -4 13 -2 -4 1 0 0
-3 -4 13 -2 -3 0 0 0
-3 -4 13 -1 -6 -1 0 0
-3 -4 13 -1 -6 0 0 0
-3 -4 14 -10 2 0 0 0
-3 -4 14 -9 1 0 0 0
-3 -4 14 -8 -1 1 0 0
-3 -4 14 -8 0 0 0 0
-3 -4 14 -8 1 0 0 0
-3 -4 14 -7 -3 2 0 0
-3 -4 14 -7 -2 1 0 0
-3 -4 14 -7 -1 0 0 0
-3 -4 14 -7 0 0 0 0
-3 -4 14 -6 -5 3 0 0
-3 -4 14 -6 -4 2 0 0
-3 -4 14 -6 -3 1 0 0
-3 -4 14 -6 -2 0 0 0
-3 -4 14 -6 -2 1 0 0
-3 -4 14 -6 -1 0 0 0
-3 -4 14 -6 0 0 0 0
-3 -4 14 -5 -8 6 -1 0
-3 -4 14 -5 -7 4 0 0
-3 -4 14 -5 -6 2 1 0
-3 -4 14 -5 -6 3 0 0
-3 -4 14 -5 -5 2 0 0
-3 -4 14 -5 -4 1 0 0
-3 -4 14 -5 -3 0 0 0
-3 -4 14 -4 -10 7 -1 0
-3 -4 14 -4 -9 5 0 0
-3 -4 14 -4 -9 6 -1 0
-3 -4 14 -4 -8 3 1 0
-3 -4 14 -4 -8 4 0 0
-3 -4 14 -4 -7 2 1 0
-3 -4 14 -4 -7 3 0 0
-3 -4 14 -3 -11 5 2 -1
-3 -4 14 -3 -11 6 0 0
-3 -4 15 -11 2 0 0 0
-3 -4 15 -10 0 1 0 0
-3 -4 15 -10 1 0 0 0
-3 -4 15 -9 -2 2 0 0
-3 -4 15 -9 -1 1 0 0
-3 -4 15 -9 0 0 0 0
-3 -4 15 -8 -5 5 -1 0
-3 -4 15 -8 -4 3 0 0
-3 -4 16 -13 3 0 0 0
