-2 -6 4 0 0 0 0 0
-2 -6 5 0 0 0 0 0
-2 -6 5 1 0 0 0 0
-2 -6 5 2 0 0 0 0
-2 -6 6 -1 0 0 0 0
-2 -6 6 0 0 0 0 0
-2 -6 6 1 -1 0 0 0
-2 -6 6 1 0 0 0 0
-2 -6 6 2 -1 0 0 0
-2 -6 6 2 0 0 0 0
-2 -6 6 3 -2 0 0 0
-2 -6 6 3 -1 0 0 0
-2 -6 6 3 0 0 0 0
-2 -6 6 4 0 0 0 0
-2 -6 7 -1 0 0 0 0
-2 -6 7 0 -1 0 0 0
-2 -6 7 0 0 0 0 0
-2 -6 7 1 -1 0 0 0
-2 -6 7 1 0 0 0 0
-2 -6 7 2 -2 0 0 0
-2 -6 7 2 -1 0 0 0
-2 -6 7 2 0 0 0 0
-2 -6 7 3 -3 0 0 0
-2 -6 7 3 -2 0 0 0
-2 -6 7 3 -1 0 0 0
-2 -6 7 3 0 0 0 0
-2 -6 7 4 -4 0 0 0
-2 -6 7 4 -3 -1 0 0
-2 -6 7 4 -3 0 0 0
-2 -6 7 4 -2 0 0 0
-2 -6 7 4 -1 0 0 0
-2 -6 7 4 0 0 0 0
-2 -6 7 5 -2 -1 0 0
-2 -6 7 5 -2 0 0 0
-2 -6 7 5 -1 0 0 0
-2 -6 7 5 0 0 0 0
-2 -6 7 6 0 0 0 0
-2 -6 8 -2 0 0 0 0
-2 -6 8 -1 0 0 0 0
-2 -6 8 0 -1 0 0 0
-2 -6 8 0 0 0 0 0
-2 -6 8 1 -2 0 0 0
-2 -6 8 1 -1 0 0 0
-2 -6 8 1 0 0 0 0
-2 -6 8 2 -3 0 0 0
-2 -6 8 2 -2 0 0 0
-2 -6 8 2 -1 0 0 0
-2 -6 8 2 0 0 0 0
-2 -6 8 3 -5 1 0 0
-2 -6 8 3 -4 0 0 0
-2 -6 8 3 -3 -1 0 0
-2 -6 8 3 -3 0 0 0
-2 -6 8 3 -2 0 0 0
-2 -6 8 3 -1 0 0 0
-2 -6 8 3 0 0 0 0
-2 -6 8 4 -6 1 0 0
-2 -6 8 4 -5 0 0 0
-2 -6 8 4 -5 1 0 0
-2 -6 8 4 -4 -1 0 0
-2 -6 8 4 -4 0 0 0
-2 -6 8 4 -3 -1 0 0
-2 -6 8 4 -3 0 0 0
-2 -6 8 5 -6 -1 1 0
-2 -6 8 5 -6 0 0 0
-2 -6 9 -2 0 0 0 0
-2 -6 9 -1 -1 0 0 0
-2 -6 9 -1 0 0 0 0
-2 -6 9 0 -2 0 0 0
-2 -6 9 0 -1 0 0 0
-2 -6 9 0 0 0 0 0
-2 -6 9 1 -4 1 0 0
-2 -6 9 1 -3 0 0 0
-2 -6 10 -3 0 0 0 0
-2 -6 11 5 -5 0 0 0
-2 -6 11 8 -10 -4 1 0
-2 -6 12 6 -14 4 0 0
-2 -6 12 6 -10 -5 0 0
-2 -6 12 7 -14 -3 4 0
-2 -6 12 8 -17 -2 5 1
-2 -6 12 8 -16 -3 4 1
-2 -6 13 2 -7 -2 0 0
-2 -6 13 3 -12 4 0 0
-2 -6 13 6 -20 7 0 0
-2 -6 13 6 -17 0 4 0
-2 -6 14 0 -8 0 0 0
-2 -6 14 1 -12 2 1 0
-2 -6 14 3 -20 10 0 0
-2 -6 14 5 -24 10 4 -2
-2 -6 15 -4 -5 0 0 0
-2 -6 15 -1 -15 6 4 -2
-2 -6 15 1 -19 10 0 0
-2 -6 15 2 -26 21 -5 0
-2 -6 16 -8 0 0 0 0
-2 -6 16 -4 -14 11 -2 0
-2 -6 17 -9 -7 8 -2 0
-2 -6 18 -14 2 1 0 0
