-4 0 4 -1 0 0 0 0
-4 0 7 -3 -2 1 0 0
-4 0 7 2 0 0 0 0
-4 0 9 -2 -4 1 0 0
-4 0 10 -8 0 1 0 0
-4 0 10 -5 -6 4 0 0
-4 0 11 -3 -8 1 0 0
-4 0 12 -8 0 0 0 0
-4 0 13 -16 7 -1 0 0
-4 0 14 -18 8 -1 0 0
-4 0 14 -17 6 0 0 0
-4 0 14 -16 4 1 0 0
-4 0 15 -21 11 -2 0 0
-4 0 17 -18 -6 13 -1 -2
-4 0 18 -28 16 -3 0 0
-4 0 18 -25 10 0 0 0
-4 0 19 -27 6 11 -7 1
-4 0 21 -38 28 -9 1 0
-4 0 10 -8 0 1 0 0
-4 0 16 -18 -4 16 -8 1
-4 0 9 -2 -4 1 0 0
-4 0 9 -2 -4 1 0 0
-4 0 16 -18 -4 16 -8 1
-4 0 10 -8 0 1 0 0
-4 0 7 2 0 0 0 0
-4 0 10 -8 0 1 0 0
-4 0 12 -8 0 0 0 0
-4 0 13 -16 7 -1 0 0
-4 0 17 -18 -6 13 -1 -2
-4 0 14 -16 4 1 0 0
-4 0 16 -18 -4 16 -8 1
-4 0 17 -18 -6 13 -1 -2
-4 0 12 -8 0 0 0 0
-4 0 7 2 0 0 0 0
-4 0 18 -28 16 -3 0 0
-4 0 12 -8 0 0 0 0
-4 0 19 -27 6 11 -7 1
-4 0 19 -27 6 11 -7 1
-4 0 12 -8 0 0 0 0
-4 0 18 -28 16 -3 0 0
-4 0 21 -33 6 26 -23 6
-4 0 18 -28 16 -3 0 0
-4 0 16 -18 -4 16 -8 1
-4 0 15 -21 11 -2 0 0
-4 0 11 -3 -8 1 0 0
-4 0 14 -16 4 1 0 0
-4 0 12 -8 0 0 0 0
-4 0 11 -3 -8 1 0 0
-4 0 16 -18 -4 16 -8 1
-4 0 21 -33 6 26 -23 6
