-3 -5 9 -3 0 0 0 0
-3 -5 9 -2 0 0 0 0
-3 -5 10 -3 0 0 0 0
-3 -5 10 -2 -1 0 0 0
-3 -5 10 -2 0 0 0 0
-3 -5 10 -1 -2 0 0 0
-3 -5 10 -1 -1 0 0 0
-3 -5 10 -1 0 0 0 0
-3 -5 10 0 0 0 0 0
-3 -5 11 -4 0 0 0 0
-3 -5 11 -3 -1 0 0 0
-3 -5 11 -3 0 0 0 0
-3 -5 11 -2 -3 1 0 0
-3 -5 11 -2 -2 0 0 0
-3 -5 11 -2 -1 0 0 0
-3 -5 11 -2 0 0 0 0
-3 -5 11 -1 -4 1 0 0
-3 -5 11 -1 -3 0 0 0
-3 -5 11 -1 -2 0 0 0
-3 -5 11 -1 -1 0 0 0
-3 -5 11 -1 0 0 0 0
-3 -5 11 0 -4 0 0 0
-3 -5 11 0 -3 0 0 0
-3 -5 11 0 -2 0 0 0
-3 -5 11 0 -1 0 0 0
-3 -5 11 0 0 0 0 0
-3 -5 11 1 -2 0 0 0
-3 -5 11 1 -1 0 0 0
-3 -5 11 1 0 0 0 0
-3 -5 11 2 0 0 0 0
-3 -5 12 -5 0 0 0 0
-3 -5 12 -4 -1 0 0 0
-3 -5 12 -4 0 0 0 0
-3 -5 12 -3 -3 1 0 0
-3 -5 12 -3 -2 0 0 0
-3 -5 12 -3 -1 0 0 0
-3 -5 12 -3 0 0 0 0
-3 -5 12 -2 -4 1 0 0
-3 -5 12 -2 -3 0 0 0
-3 -5 12 -2 -2 0 0 0
-3 -5 12 -2 -1 0 0 0
-3 -5 12 -2 0 0 0 0
-3 -5 12 -1 -6 2 0 0
-3 -5 12 -1 -5 1 0 0
-3 -5 12 -1 -4 0 0 0
-3 -5 12 -1 -4 1 0 0
-3 -5 12 -1 -3 0 0 0
-3 -5 12 -1 -2 0 0 0
-3 -5 12 -1 -1 0 0 0
-3 -5 12 -1 0 0 0 0
-3 -5 12 0 -7 2 0 0
-3 -5 12 0 -6 1 0 0
-3 -5 12 0 -5 0 0 0
-3 -5 12 0 -5 1 0 0
-3 -5 12 0 -4 0 0 0
-3 -5 12 0 -3 0 0 0
-3 -5 12 0 -2 0 0 0
-3 -5 12 0 -1 0 0 0
-3 -5 12 0 0 0 0 0
-3 -5 12 1 -6 0 0 0
-3 -5 12 1 -5 -1 0 0
-3 -5 12 1 -5 0 0 0
-3 -5 12 1 -5 1 0 0
-3 -5 12 1 -4 0 0 0
-3 -5 12 1 -3 0 0 0
-3 -5 12 1 -2 0 0 0
-3 -5 12 1 -1 0 0 0
-3 -5 12 1 0 0 0 0
-3 -5 12 2 -4 -1 0 0
-3 -5 12 2 -4 0 0 0
-3 -5 12 2 -3 0 0 0
-3 -5 12 2 -2 0 0 0
-3 -5 12 2 -1 0 0 0
-3 -5 12 2 0 0 0 0
-3 -5 12 3 -2 0 0 0
-3 -5 12 3 -1 0 0 0
-3 -5 12 3 0 0 0 0
-3 -5 12 4 0 0 0 0
-3 -5 13 -7 1 0 0 0
-3 -5 13 -6 0 0 0 0
-3 -5 13 -5 -2 1 0 0
-3 -5 13 -5 -1 0 0 0
-3 -5 13 -5 0 0 0 0
-3 -5 13 -4 -3 1 0 0
-3 -5 13 -4 -2 0 0 0
-3 -5 13 -4 -1 0 0 0
-3 -5 13 -4 0 0 0 0
-3 -5 13 -3 -5 2 0 0
-3 -5 13 -3 -4 1 0 0
-3 -5 13 -3 -3 0 0 0
-3 -5 13 -3 -3 1 0 0
-3 -5 13 -3 -2 0 0 0
-3 -5 13 -3 -1 0 0 0
-3 -5 13 -3 0 0 0 0
-3 -5 13 -2 -7 3 0 0
-3 -5 13 -2 -6 2 0 0
-3 -5 13 -2 -5 1 0 0
-3 -5 13 -2 -4 0 0 0
-3 -5 13 -2 -4 1 0 0
-3 -5 13 -2 -3 0 0 0
-3 -5 13 -2 -2 0 0 0
-3 -5 13 -2 -1 0 0 0
-3 -5 13 -2 0 0 0 0
-3 -5 13 -1 -10 6 -1 0
-3 -5 13 -1 -8 3 0 0
-3 -5 13 -1 -7 1 1 0
-3 -5 13 -1 -7 2 0 0
-3 -5 13 -1 -6 1 0 0
-3 -5 13 -1 -6 2 0 0
-3 -5 13 -1 -5 0 0 0
-3 -5 13 -1 -5 1 0 0
-3 -5 13 -1 -4 0 0 0
-3 -5 13 -1 -4 1 0 0
-3 -5 13 -1 -3 0 0 0
-3 -5 13 -1 -2 0 0 0
-3 -5 13 -1 -1 0 0 0
-3 -5 13 -1 0 0 0 0
-3 -5 13 0 -10 4 0 0
-3 -5 13 0 -9 2 1 0
-3 -5 13 0 -9 3 0 0
-3 -5 13 0 -8 1 1 0
-3 -5 13 0 -8 2 0 0
-3 -5 13 0 -7 1 0 0
-3 -5 13 0 -7 2 0 0
-3 -5 13 0 -6 0 0 0
-3 -5 13 0 -6 1 0 0
-3 -5 13 0 -5 -1 0 0
-3 -5 13 0 -5 0 0 0
-3 -5 13 0 -5 1 0 0
-3 -5 13 0 -4 0 0 0
-3 -5 13 0 -3 0 0 0
-3 -5 13 0 -2 0 0 0
-3 -5 13 0 -1 0 0 0
-3 -5 13 0 0 0 0 0
-3 -5 13 1 -10 1 2 0
-3 -5 13 1 -9 1 1 0
-3 -5 13 1 -9 2 0 0
-3 -5 13 1 -8 0 1 0
-3 -5 13 1 -8 1 0 0
-3 -5 13 1 -8 2 0 0
-3 -5 13 1 -7 0 0 0
-3 -5 13 1 -7 1 0 0
-3 -5 13 1 -7 2 0 0
-3 -5 13 1 -6 -1 0 0
-3 -5 13 1 -6 0 0 0
-3 -5 13 1 -6 1 0 0
-3 -5 13 1 -5 -1 0 0
-3 -5 13 1 -5 0 0 0
-3 -5 13 1 -5 1 0 0
-3 -5 13 1 -4 0 0 0
-3 -5 13 1 -3 0 0 0
-3 -5 13 1 -2 0 0 0
-3 -5 13 1 -1 0 0 0
-3 -5 13 1 0 0 0 0
-3 -5 13 2 -8 0 0 0
-3 -5 13 2 -8 0 1 0
-3 -5 13 2 -7 -2 0 0
-3 -5 13 2 -7 -1 0 0
-3 -5 13 2 -7 0 0 0
-3 -5 13 2 -7 1 0 0
-3 -5 13 2 -6 -1 0 0
-3 -5 13 2 -6 0 0 0
-3 -5 13 2 -6 1 0 0
-3 -5 13 2 -5 -1 0 0
-3 -5 13 2 -5 0 0 0
-3 -5 13 2 -5 1 0 0
-3 -5 13 2 -4 -1 0 0
-3 -5 13 2 -4 0 0 0
-3 -5 13 2 -3 0 0 0
-3 -5 13 2 -2 0 0 0
-3 -5 13 2 -1 0 0 0
-3 -5 13 2 0 0 0 0
-3 -5 13 3 -7 -2 0 0
-3 -5 13 3 -6 -1 0 0
-3 -5 13 3 -6 0 0 0
-3 -5 13 3 -5 -1 0 0
-3 -5 13 3 -5 0 0 0
-3 -5 13 3 -4 -1 0 0
-3 -5 13 3 -4 0 0 0
-3 -5 13 3 -3 0 0 0
-3 -5 13 3 -2 0 0 0
-3 -5 13 3 -1 0 0 0
-3 -5 13 3 0 0 0 0
-3 -5 13 4 -4 -1 0 0
-3 -5 13 4 -4 0 0 0
-3 -5 13 4 -3 0 0 0
-3 -5 13 4 -2 0 0 0
-3 -5 13 4 -1 0 0 0
-3 -5 13 4 0 0 0 0
-3 -5 13 5 -2 0 0 0
-3 -5 13 5 -1 0 0 0
-3 -5 13 5 0 0 0 0
-3 -5 14 -8 1 0 0 0
-3 -5 14 -7 0 0 0 0
-3 -5 14 -6 -2 1 0 0
-3 -5 14 -6 -1 0 0 0
-3 -5 14 -6 0 0 0 0
-3 -5 14 -5 -4 2 0 0
-3 -5 14 -5 -3 1 0 0
-3 -5 14 -5 -2 0 0 0
-3 -5 14 -5 -1 0 0 0
-3 -5 14 -5 0 0 0 0
-3 -5 14 -4 -5 2 0 0
-3 -5 14 -4 -4 1 0 0
-3 -5 14 -4 -3 0 0 0
-3 -5 14 -4 -3 1 0 0
-3 -5 14 -4 -2 0 0 0
-3 -5 14 -4 -1 0 0 0
-3 -5 14 -4 0 0 0 0
-3 -5 14 -3 -7 3 0 0
-3 -5 14 -3 -6 2 0 0
-3 -5 14 -3 -5 1 0 0
-3 -5 14 -3 -4 0 0 0
-3 -5 14 -3 -4 1 0 0
-3 -5 14 -3 -3 0 0 0
-3 -5 14 -3 -2 0 0 0
-3 -5 14 -3 -1 0 0 0
-3 -5 14 -3 0 0 0 0
-3 -5 14 -2 -9 4 0 0
-3 -5 14 -2 -8 2 1 0
-3 -5 14 -2 -8 3 0 0
-3 -5 14 -2 -7 1 1 0
-3 -5 14 -2 -7 2 0 0
-3 -5 14 -2 -6 1 0 0
-3 -5 14 -2 -6 2 0 0
-3 -5 14 -2 -5 0 0 0
-3 -5 14 -2 -5 1 0 0
-3 -5 14 -2 -4 0 0 0
-3 -5 14 -2 -4 1 0 0
-3 -5 14 -2 -3 0 0 0
-3 -5 14 -2 -2 0 0 0
-3 -5 14 -2 -1 0 0 0
-3 -5 14 -2 0 0 0 0
-3 -5 14 -1 -12 7 -1 0
-3 -5 14 -1 -11 5 0 0
-3 -5 14 -1 -10 3 1 0
-3 -5 14 -1 -10 4 0 0
-3 -5 14 -1 -9 2 1 0
-3 -5 14 -1 -9 3 0 0
-3 -5 14 -1 -8 1 1 0
-3 -5 14 -1 -8 2 0 0
-3 -5 14 -1 -7 1 0 0
-3 -5 14 -1 -7 2 0 0
-3 -5 14 -1 -6 0 0 0
-3 -5 14 -1 -6 1 0 0
-3 -5 14 -1 -5 -1 0 0
-3 -5 14 -1 -5 0 0 0
-3 -5 14 -1 -5 1 0 0
-3 -5 14 -1 -4 0 0 0
-3 -5 14 -1 -4 1 0 0
-3 -5 14 -1 -3 0 0 0
-3 -5 14 -1 -2 0 0 0
-3 -5 14 -1 -1 0 0 0
-3 -5 14 -1 0 0 0 0
-3 -5 14 0 -13 6 0 0
-3 -5 14 0 -12 4 1 0
-3 -5 14 0 -12 5 0 0
-3 -5 14 0 -11 2 2 0
-3 -5 14 0 -11 3 1 0
-3 -5 14 0 -11 4 0 0
-3 -5 14 0 -10 1 2 0
-3 -5 14 0 -10 2 1 0
-3 -5 14 0 -10 3 0 0
-3 -5 14 0 -9 1 1 0
-3 -5 14 0 -9 2 0 0
-3 -5 14 0 -9 3 0 0
-3 -5 14 0 -8 0 1 0
-3 -5 14 0 -8 1 0 0
-3 -5 14 0 -8 2 0 0
-3 -5 14 0 -7 -1 0 0
-3 -5 14 0 -7 0 0 0
-3 -5 14 0 -7 1 0 0
-3 -5 14 0 -7 2 0 0
-3 -5 14 0 -6 -1 0 0
-3 -5 14 0 -6 0 0 0
-3 -5 14 0 -6 1 0 0
-3 -5 14 0 -5 -1 0 0
-3 -5 14 0 -5 0 0 0
-3 -5 14 0 -5 1 0 0
-3 -5 14 0 -4 0 0 0
-3 -5 14 0 -3 0 0 0
-3 -5 14 0 -2 0 0 0
-3 -5 14 0 -1 0 0 0
-3 -5 14 0 0 0 0 0
-3 -5 14 1 -13 3 2 0
-3 -5 14 1 -13 3 3 -1
-3 -5 14 1 -12 1 3 0
-3 -5 14 1 -12 2 2 0
-3 -5 14 1 -12 3 1 0
-3 -5 14 1 -12 4 0 0
-3 -5 14 1 -11 1 2 0
-3 -5 14 1 -11 2 1 0
-3 -5 14 1 -11 3 0 0
-3 -5 14 1 -11 4 0 0
-3 -5 14 1 -10 1 1 0
-3 -5 14 1 -10 2 0 0
-3 -5 14 1 -10 3 0 0
-3 -5 14 1 -9 0 0 0
-3 -5 14 1 -9 0 1 0
-3 -5 14 1 -9 1 0 0
-3 -5 14 1 -9 1 1 0
-3 -5 14 1 -9 2 0 0
-3 -5 14 1 -8 -1 0 0
-3 -5 14 1 -8 0 0 0
-3 -5 14 1 -8 0 1 0
-3 -5 14 1 -8 1 0 0
-3 -5 14 1 -8 2 0 0
-3 -5 14 1 -7 -1 0 0
-3 -5 14 1 -7 0 0 0
-3 -5 14 1 -7 1 0 0
-3 -5 14 1 -6 -1 0 0
-3 -5 14 1 -6 0 0 0
-3 -5 14 1 -6 1 0 0
-3 -5 14 1 -5 -1 0 0
-3 -5 14 1 -5 0 0 0
-3 -5 14 1 -5 1 0 0
-3 -5 14 1 -4 0 0 0
-3 -5 14 1 -3 0 0 0
-3 -5 14 1 -2 0 0 0
-3 -5 14 1 -1 0 0 0
-3 -5 14 1 0 0 0 0
-3 -5 14 2 -12 1 2 0
-3 -5 14 2 -11 0 1 0
-3 -5 14 2 -11 0 2 0
-3 -5 14 2 -11 1 0 0
-3 -5 14 2 -11 1 1 0
-3 -5 14 2 -11 2 0 0
-3 -5 14 2 -11 2 1 0
-3 -5 14 2 -10 -1 1 0
-3 -5 14 2 -10 0 0 0
-3 -5 14 2 -10 0 1 0
-3 -5 14 2 -10 1 0 0
-3 -5 14 2 -10 1 1 0
-3 -5 14 2 -10 2 0 0
-3 -5 14 2 -10 3 0 0
-3 -5 14 2 -9 -1 0 0
-3 -5 14 2 -9 -1 1 0
-3 -5 14 2 -9 0 0 0
-3 -5 14 2 -9 0 1 0
-3 -5 14 2 -9 1 0 0
-3 -5 14 2 -9 2 0 0
-3 -5 14 2 -8 -2 0 0
-3 -5 14 2 -8 -1 0 0
-3 -5 14 2 -8 0 0 0
-3 -5 14 2 -8 0 1 0
-3 -5 14 2 -8 1 0 0
-3 -5 14 2 -8 2 0 0
-3 -5 14 2 -7 -2 0 0
-3 -5 14 2 -7 -1 0 0
-3 -5 14 2 -7 0 0 0
-3 -5 14 2 -7 1 0 0
-3 -5 14 2 -6 -1 0 0
-3 -5 14 2 -6 0 0 0
-3 -5 14 2 -6 1 0 0
-3 -5 14 2 -5 -1 0 0
-3 -5 14 2 -5 0 0 0
-3 -5 14 2 -4 0 0 0
-3 -5 14 2 -3 0 0 0
-3 -5 14 2 -2 0 0 0
-3 -5 14 2 -1 0 0 0
-3 -5 14 2 0 0 0 0
-3 -5 14 3 -11 -1 2 0
-3 -5 14 3 -10 -2 0 0
-3 -5 14 3 -10 -2 1 0
-3 -5 14 3 -10 -1 0 0
-3 -5 14 3 -10 -1 1 0
-3 -5 14 3 -10 0 0 0
-3 -5 14 3 -10 0 1 0
-3 -5 14 3 -9 -3 0 0
-3 -5 14 3 -9 -2 0 0
-3 -5 14 3 -9 -1 0 0
-3 -5 14 3 -9 -1 1 0
-3 -5 14 3 -9 0 0 0
-3 -5 14 3 -9 0 1 0
-3 -5 14 3 -9 1 0 0
-3 -5 14 3 -9 2 0 0
-3 -5 14 3 -8 -2 0 0
-3 -5 14 3 -8 -1 0 0
-3 -5 14 3 -8 0 0 0
-3 -5 14 3 -8 1 0 0
-3 -5 14 3 -7 -2 0 0
-3 -5 14 3 -7 -1 0 0
-3 -5 14 3 -7 0 0 0
-3 -5 14 3 -7 1 0 0
-3 -5 14 3 -6 -1 0 0
-3 -5 14 3 -6 0 0 0
-3 -5 14 3 -6 1 0 0
-3 -5 14 3 -5 -1 0 0
-3 -5 14 3 -5 0 0 0
-3 -5 14 3 -4 -1 0 0
-3 -5 14 3 -4 0 0 0
-3 -5 14 3 -3 0 0 0
-3 -5 14 3 -2 0 0 0
-3 -5 14 3 -1 0 0 0
-3 -5 14 4 -10 -4 0 0
-3 -5 14 4 -9 -3 0 0
-3 -5 14 4 -9 -2 0 0
-3 -5 14 4 -8 -3 0 0
-3 -5 14 4 -8 -2 0 0
-3 -5 14 4 -8 -1 0 0
-3 -5 14 4 -8 -1 1 0
-3 -5 14 4 -8 0 0 0
-3 -5 14 4 -7 -2 0 0
-3 -5 14 4 -7 -1 0 0
-3 -5 14 4 -7 0 0 0
-3 -5 14 4 -7 1 0 0
-3 -5 14 4 -6 -2 0 0
-3 -5 14 4 -6 -1 0 0
-3 -5 14 4 -6 0 0 0
-3 -5 14 4 -6 1 0 0
-3 -5 14 4 -5 -1 0 0
-3 -5 14 4 -5 0 0 0
-3 -5 14 4 -4 -1 0 0
-3 -5 14 4 -4 0 0 0
-3 -5 14 5 -7 -2 0 0
-3 -5 14 5 -6 -2 0 0
-3 -5 14 5 -6 -1 0 0
-3 -5 15 -10 2 0 0 0
-3 -5 15 -9 1 0 0 0
-3 -5 15 -8 -1 1 0 0
-3 -5 15 -8 0 0 0 0
-3 -5 15 -8 1 0 0 0
-3 -5 15 -7 -2 1 0 0
-3 -5 15 -7 -1 0 0 0
-3 -5 15 -7 0 0 0 0
-3 -5 15 -6 -4 2 0 0
-3 -5 15 -6 -3 1 0 0
-3 -5 15 -6 -2 0 0 0
-3 -5 15 -6 -2 1 0 0
-3 -5 15 -6 -1 0 0 0
-3 -5 15 -6 0 0 0 0
-3 -5 15 -5 -6 3 0 0
-3 -5 15 -5 -5 2 0 0
-3 -5 15 -5 -4 1 0 0
-3 -5 15 -5 -3 0 0 0
-3 -5 15 -5 -3 1 0 0
-3 -5 15 -5 -2 0 0 0
-3 -5 15 -5 -1 0 0 0
-3 -5 15 -5 0 0 0 0
-3 -5 15 -4 -9 6 -1 0
-3 -5 15 -4 -8 4 0 0
-3 -5 15 -4 -7 2 1 0
-3 -5 15 -4 -7 3 0 0
-3 -5 15 -4 -6 2 0 0
-3 -5 15 -4 -5 1 0 0
-3 -5 15 -4 -5 2 0 0
-3 -5 15 -4 -4 0 0 0
-3 -5 15 -4 -4 1 0 0
-3 -5 15 -4 -3 0 0 0
-3 -5 15 -4 -3 1 0 0
-3 -5 15 -4 -2 0 0 0
-3 -5 15 -4 -1 0 0 0
-3 -5 15 -4 0 0 0 0
-3 -5 15 -3 -11 7 -1 0
-3 -5 15 -3 -10 5 0 0
-3 -5 15 -3 -9 3 1 0
-3 -5 15 -3 -9 4 0 0
-3 -5 15 -3 -8 2 1 0
-3 -5 15 -3 -8 3 0 0
-3 -5 15 -3 -7 2 0 0
-3 -5 15 -3 -6 1 0 0
-3 -5 15 -3 -6 2 0 0
-3 -5 15 -3 -5 0 0 0
-3 -5 15 -3 -5 1 0 0
-3 -5 15 -3 -4 0 0 0
-3 -5 15 -3 -4 1 0 0
-3 -5 15 -3 -3 0 0 0
-3 -5 15 -3 -2 0 0 0
-3 -5 15 -3 -1 0 0 0
-3 -5 15 -3 0 0 0 0
-3 -5 15 -2 -13 8 -1 0
-3 -5 15 -2 -12 5 2 -1
-3 -5 15 -2 -12 6 0 0
-3 -5 15 -2 -12 7 -1 0
-3 -5 15 -2 -11 4 1 0
-3 -5 15 -2 -11 5 0 0
-3 -5 15 -2 -10 2 2 0
-3 -5 15 -2 -10 3 1 0
-3 -5 15 -2 -10 4 0 0
-3 -5 15 -2 -9 2 1 0
-3 -5 15 -2 -9 3 0 0
-3 -5 15 -2 -8 1 1 0
-3 -5 15 -2 -8 2 0 0
-3 -5 15 -2 -8 3 0 0
-3 -5 15 -2 -7 1 0 0
-3 -5 15 -2 -7 2 0 0
-3 -5 15 -2 -6 -1 0 0
-3 -5 15 -2 -6 0 0 0
-3 -5 15 -2 -6 1 0 0
-3 -5 15 -2 -6 2 0 0
-3 -5 15 -2 -5 0 0 0
-3 -5 15 -2 -5 1 0 0
-3 -5 15 -2 -4 0 0 0
-3 -5 15 -2 -4 1 0 0
-3 -5 15 -2 -3 0 0 0
-3 -5 15 -2 -2 0 0 0
-3 -5 15 -2 -1 0 0 0
-3 -5 15 -2 0 0 0 0
-3 -5 15 -1 -15 9 -1 0
-3 -5 15 -1 -14 6 2 -1
-3 -5 15 -1 -14 7 0 0
-3 -5 15 -1 -14 8 -1 0
-3 -5 15 -1 -13 4 3 -1
-3 -5 15 -1 -13 5 1 0
-3 -5 15 -1 -13 6 0 0
-3 -5 15 -1 -13 7 -1 0
-3 -5 15 -1 -12 3 2 0
-3 -5 15 -1 -12 4 1 0
-3 -5 15 -1 -12 5 0 0
-3 -5 15 -1 -11 2 2 0
-3 -5 15 -1 -11 3 1 0
-3 -5 15 -1 -11 4 0 0
-3 -5 15 -1 -10 2 1 0
-3 -5 15 -1 -10 3 0 0
-3 -5 15 -1 -9 1 1 0
-3 -5 15 -1 -9 2 0 0
-3 -5 15 -1 -9 3 0 0
-3 -5 15 -1 -8 0 0 0
-3 -5 15 -1 -8 1 0 0
-3 -5 15 -1 -8 1 1 0
-3 -5 15 -1 -8 2 0 0
-3 -5 15 -1 -7 -1 0 0
-3 -5 15 -1 -7 0 0 0
-3 -5 15 -1 -7 1 0 0
-3 -5 15 -1 -7 2 0 0
-3 -5 15 -1 -6 -1 0 0
-3 -5 15 -1 -6 0 0 0
-3 -5 15 -1 -6 1 0 0
-3 -5 15 -1 -5 0 0 0
-3 -5 15 -1 -5 1 0 0
-3 -5 15 -1 -4 0 0 0
-3 -5 15 -1 -3 0 0 0
-3 -5 15 -1 -2 0 0 0
-3 -5 15 -1 -1 0 0 0
-3 -5 15 -1 0 0 0 0
-3 -5 15 0 -16 7 2 -1
-3 -5 15 0 -16 8 0 0
-3 -5 15 0 -15 5 3 -1
-3 -5 15 0 -15 6 1 0
-3 -5 15 0 -15 7 0 0
-3 -5 15 0 -15 8 -1 0
-3 -5 15 0 -14 4 2 0
-3 -5 15 0 -14 4 3 -1
-3 -5 15 0 -14 5 1 0
-3 -5 15 0 -14 6 0 0
-3 -5 15 0 -13 2 3 0
-3 -5 15 0 -13 3 2 0
-3 -5 15 0 -13 3 3 -1
-3 -5 15 0 -13 4 1 0
-3 -5 15 0 -13 5 0 0
-3 -5 15 0 -13 7 -1 0
-3 -5 15 0 -12 2 2 0
-3 -5 15 0 -12 3 1 0
-3 -5 15 0 -12 4 0 0
-3 -5 15 0 -11 1 2 0
-3 -5 15 0 -11 2 0 0
-3 -5 15 0 -11 2 1 0
-3 -5 15 0 -11 3 0 0
-3 -5 15 0 -11 4 0 0
-3 -5 15 0 -10 0 1 0
-3 -5 15 0 -10 1 0 0
-3 -5 15 0 -10 1 1 0
-3 -5 15 0 -10 2 0 0
-3 -5 15 0 -10 2 1 0
-3 -5 15 0 -10 3 0 0
-3 -5 15 0 -9 0 0 0
-3 -5 15 0 -9 0 1 0
-3 -5 15 0 -9 1 0 0
-3 -5 15 0 -9 1 1 0
-3 -5 15 0 -9 2 0 0
-3 -5 15 0 -9 3 0 0
-3 -5 15 0 -8 -2 0 0
-3 -5 15 0 -8 -1 0 0
-3 -5 15 0 -8 0 0 0
-3 -5 15 0 -8 1 0 0
-3 -5 15 0 -8 2 0 0
-3 -5 15 0 -7 -1 0 0
-3 -5 15 0 -7 0 0 0
-3 -5 15 0 -7 1 0 0
-3 -5 15 0 -7 2 0 0
-3 -5 15 0 -6 -1 0 0
-3 -5 15 0 -6 0 0 0
-3 -5 15 0 -6 1 0 0
-3 -5 15 0 -5 -1 0 0
-3 -5 15 0 -5 0 0 0
-3 -5 15 0 -5 1 0 0
-3 -5 15 0 -4 0 0 0
-3 -5 15 0 -3 0 0 0
-3 -5 15 0 -2 0 0 0
-3 -5 15 0 -1 0 0 0
-3 -5 15 0 0 0 0 0
-3 -5 15 1 -17 5 5 -2
-3 -5 15 1 -16 4 4 -1
-3 -5 15 1 -16 5 2 0
-3 -5 15 1 -16 5 3 -1
-3 -5 15 1 -15 3 3 0
-3 -5 15 1 -15 3 4 -1
-3 -5 15 1 -15 4 2 0
-3 -5 15 1 -15 4 3 -1
-3 -5 15 1 -15 5 1 0
-3 -5 15 1 -15 6 0 0
-3 -5 15 1 -14 2 3 0
-3 -5 15 1 -14 3 2 0
-3 -5 15 1 -14 4 1 0
-3 -5 15 1 -14 5 0 0
-3 -5 15 1 -13 1 3 0
-3 -5 15 1 -13 2 2 0
-3 -5 15 1 -13 3 0 0
-3 -5 15 1 -13 3 1 0
-3 -5 15 1 -13 4 0 0
-3 -5 15 1 -13 5 0 0
-3 -5 15 1 -12 0 2 0
-3 -5 15 1 -12 1 1 0
-3 -5 15 1 -12 1 2 0
-3 -5 15 1 -12 2 0 0
-3 -5 15 1 -12 2 1 0
-3 -5 15 1 -12 3 0 0
-3 -5 15 1 -12 4 0 0
-3 -5 15 1 -11 0 1 0
-3 -5 15 1 -11 0 2 0
-3 -5 15 1 -11 1 0 0
-3 -5 15 1 -11 1 1 0
-3 -5 15 1 -11 2 0 0
-3 -5 15 1 -11 2 1 0
-3 -5 15 1 -11 3 0 0
-3 -5 15 1 -10 -1 0 0
-3 -5 15 1 -10 -1 1 0
-3 -5 15 1 -10 0 0 0
-3 -5 15 1 -10 0 1 0
-3 -5 15 1 -10 1 0 0
-3 -5 15 1 -10 1 1 0
-3 -5 15 1 -10 2 0 0
-3 -5 15 1 -10 3 0 0
-3 -5 15 1 -9 -2 0 0
-3 -5 15 1 -9 -1 0 0
-3 -5 15 1 -9 0 0 0
-3 -5 15 1 -9 0 1 0
-3 -5 15 1 -9 1 0 0
-3 -5 15 1 -9 2 0 0
-3 -5 15 1 -8 -2 0 0
-3 -5 15 1 -8 -1 0 0
-3 -5 15 1 -8 0 0 0
-3 -5 15 1 -8 0 1 0
-3 -5 15 1 -8 1 0 0
-3 -5 15 1 -8 2 0 0
-3 -5 15 1 -7 -1 0 0
-3 -5 15 1 -7 0 0 0
-3 -5 15 1 -7 1 0 0
-3 -5 15 1 -6 -1 0 0
-3 -5 15 1 -6 0 0 0
-3 -5 15 1 -6 1 0 0
-3 -5 15 1 -5 -1 0 0
-3 -5 15 1 -5 0 0 0
-3 -5 15 1 -5 1 0 0
-3 -5 15 1 -4 0 0 0
-3 -5 15 1 -3 0 0 0
-3 -5 15 2 -16 2 4 0
-3 -5 15 2 -15 1 4 0
-3 -5 15 2 -15 2 3 0
-3 -5 15 2 -15 2 4 -1
-3 -5 15 2 -15 3 2 0
-3 -5 15 2 -14 1 2 0
-3 -5 15 2 -14 1 3 0
-3 -5 15 2 -14 2 1 0
-3 -5 15 2 -14 2 2 0
-3 -5 15 2 -14 3 0 0
-3 -5 15 2 -14 3 1 0
-3 -5 15 2 -14 4 0 0
-3 -5 15 2 -13 0 2 0
-3 -5 15 2 -13 0 3 0
-3 -5 15 2 -13 1 0 0
-3 -5 15 2 -13 1 1 0
-3 -5 15 2 -13 1 2 0
-3 -5 15 2 -13 2 0 0
-3 -5 15 2 -13 2 1 0
-3 -5 15 2 -13 3 0 0
-3 -5 15 2 -13 3 1 0
-3 -5 15 2 -13 4 0 0
-3 -5 15 2 -12 -1 1 0
-3 -5 15 2 -12 -1 2 0
-3 -5 15 2 -12 0 0 0
-3 -5 15 2 -12 0 1 0
-3 -5 15 2 -12 0 2 0
-3 -5 15 2 -12 1 0 0
-3 -5 15 2 -12 1 1 0
-3 -5 15 2 -12 1 2 0
-3 -5 15 2 -12 2 0 0
-3 -5 15 2 -12 2 1 0
-3 -5 15 2 -12 3 0 0
-3 -5 15 2 -12 4 0 0
-3 -5 15 2 -11 -2 1 0
-3 -5 15 2 -11 -1 0 0
-3 -5 15 2 -11 -1 1 0
-3 -5 15 2 -11 0 0 0
-3 -5 15 2 -11 0 1 0
-3 -5 15 2 -11 0 2 0
-3 -5 15 2 -11 1 0 0
-3 -5 15 2 -11 1 1 0
-3 -5 15 2 -11 2 0 0
-3 -5 15 2 -11 3 0 0
-3 -5 15 2 -10 -3 0 0
-3 -5 15 2 -10 -2 0 0
-3 -5 15 2 -10 -1 0 0
-3 -5 15 2 -10 -1 1 0
-3 -5 15 2 -10 0 0 0
-3 -5 15 2 -10 0 1 0
-3 -5 15 2 -10 1 0 0
-3 -5 15 2 -10 1 1 0
-3 -5 15 2 -10 2 0 0
-3 -5 15 2 -10 3 0 0
-3 -5 15 2 -9 -2 0 0
-3 -5 15 2 -9 -1 0 0
-3 -5 15 2 -9 0 0 0
-3 -5 15 2 -9 0 1 0
-3 -5 15 2 -9 1 0 0
-3 -5 15 2 -9 2 0 0
-3 -5 15 2 -8 -2 0 0
-3 -5 15 2 -8 -1 0 0
-3 -5 15 2 -8 0 0 0
-3 -5 15 2 -8 0 1 0
-3 -5 15 2 -8 1 0 0
-3 -5 15 2 -8 2 0 0
-3 -5 15 2 -7 -2 0 0
-3 -5 15 2 -7 -1 0 0
-3 -5 15 2 -7 0 0 0
-3 -5 15 2 -7 1 0 0
-3 -5 15 2 -6 -1 0 0
-3 -5 15 2 -6 0 0 0
-3 -5 15 3 -15 0 4 0
-3 -5 15 3 -14 -2 4 1
-3 -5 15 3 -14 -1 2 0
-3 -5 15 3 -14 -1 3 0
-3 -5 15 3 -14 0 1 0
-3 -5 15 3 -14 0 2 0
-3 -5 15 3 -14 0 3 0
-3 -5 15 3 -14 1 2 0
-3 -5 15 3 -13 -2 2 0
-3 -5 15 3 -13 -1 0 0
-3 -5 15 3 -13 -1 1 0
-3 -5 15 3 -13 -1 2 0
-3 -5 15 3 -13 0 0 0
-3 -5 15 3 -13 0 1 0
-3 -5 15 3 -13 0 2 0
-3 -5 15 3 -13 1 0 0
-3 -5 15 3 -13 1 1 0
-3 -5 15 3 -13 1 2 0
-3 -5 15 3 -13 2 0 0
-3 -5 15 3 -13 2 1 0
-3 -5 15 3 -12 -3 1 0
-3 -5 15 3 -12 -2 0 0
-3 -5 15 3 -12 -2 1 0
-3 -5 15 3 -12 -1 0 0
-3 -5 15 3 -12 -1 1 0
-3 -5 15 3 -12 -1 2 0
-3 -5 15 3 -12 0 0 0
-3 -5 15 3 -12 0 1 0
-3 -5 15 3 -12 0 2 0
-3 -5 15 3 -12 1 0 0
-3 -5 15 3 -12 1 1 0
-3 -5 15 3 -12 2 0 0
-3 -5 15 3 -12 2 1 0
-3 -5 15 3 -12 3 0 0
-3 -5 15 3 -11 -4 0 0
-3 -5 15 3 -11 -3 0 0
-3 -5 15 3 -11 -2 0 0
-3 -5 15 3 -11 -2 1 0
-3 -5 15 3 -11 -1 0 0
-3 -5 15 3 -11 -1 1 0
-3 -5 15 3 -11 0 0 0
-3 -5 15 3 -11 0 1 0
-3 -5 15 3 -11 1 0 0
-3 -5 15 3 -11 1 1 0
-3 -5 15 3 -11 2 0 0
-3 -5 15 3 -11 3 0 0
-3 -5 15 3 -10 -3 0 0
-3 -5 15 3 -10 -2 0 0
-3 -5 15 3 -10 -1 0 0
-3 -5 15 3 -10 -1 1 0
-3 -5 15 3 -10 0 0 0
-3 -5 15 3 -10 0 1 0
-3 -5 15 3 -10 1 0 0
-3 -5 15 3 -10 2 0 0
-3 -5 15 3 -9 -3 0 0
-3 -5 15 3 -9 -2 0 0
-3 -5 15 3 -9 -1 0 0
-3 -5 15 3 -9 -1 1 0
-3 -5 15 3 -9 0 0 0
-3 -5 15 4 -14 -4 3 1
-3 -5 15 4 -14 -3 2 0
-3 -5 15 4 -13 -4 1 0
-3 -5 15 4 -13 -3 0 0
-3 -5 15 4 -13 -3 1 0
-3 -5 15 4 -13 -2 0 0
-3 -5 15 4 -13 -2 1 0
-3 -5 15 4 -13 -2 2 0
-3 -5 15 4 -13 -1 2 0
-3 -5 15 4 -13 -1 3 0
-3 -5 15 4 -12 -5 0 0
-3 -5 15 4 -12 -4 0 0
-3 -5 15 4 -12 -3 0 0
-3 -5 15 4 -12 -3 1 0
-3 -5 15 4 -12 -2 0 0
-3 -5 15 4 -12 -2 1 0
-3 -5 15 4 -12 -1 0 0
-3 -5 15 4 -12 -1 1 0
-3 -5 15 4 -12 -1 2 0
-3 -5 15 4 -12 0 0 0
-3 -5 15 4 -11 -4 0 0
-3 -5 16 -11 2 0 0 0
-3 -5 16 -10 1 0 0 0
-3 -5 16 -9 -1 1 0 0
-3 -5 16 -9 0 0 0 0
-3 -5 16 -9 1 0 0 0
-3 -5 16 -8 -3 2 0 0
-3 -5 16 -8 -2 1 0 0
-3 -5 16 -8 -1 0 0 0
-3 -5 16 -8 0 0 0 0
-3 -5 16 -8 1 0 0 0
-3 -5 16 -7 -5 3 0 0
-3 -5 16 -7 -4 2 0 0
-3 -5 16 -7 -3 1 0 0
-3 -5 16 -7 -2 0 0 0
-3 -5 16 -7 -2 1 0 0
-3 -5 16 -7 -1 0 0 0
-3 -5 16 -7 0 0 0 0
-3 -5 16 -6 -8 6 -1 0
-3 -5 16 -6 -7 4 0 0
-3 -5 16 -6 -6 3 0 0
-3 -5 16 -6 -5 2 0 0
-3 -5 16 -6 -4 1 0 0
-3 -5 16 -6 -3 0 0 0
-3 -5 16 -6 -3 1 0 0
-3 -5 16 -6 -2 0 0 0
-3 -5 16 -6 -1 0 0 0
-3 -5 16 -6 0 0 0 0
-3 -5 16 -5 -10 7 -1 0
-3 -5 16 -5 -9 5 0 0
-3 -5 16 -5 -8 3 1 0
-3 -5 16 -5 -8 4 0 0
-3 -5 16 -5 -7 2 1 0
-3 -5 16 -5 -7 3 0 0
-3 -5 16 -5 -6 2 0 0
-3 -5 16 -5 -5 1 0 0
-3 -5 16 -5 -5 2 0 0
-3 -5 16 -5 -4 0 0 0
-3 -5 16 -5 -4 1 0 0
-3 -5 16 -5 -3 0 0 0
-3 -5 16 -5 -3 1 0 0
-3 -5 16 -5 -2 0 0 0
-3 -5 16 -5 -1 0 0 0
-3 -5 16 -5 0 0 0 0
-3 -5 16 -4 -13 10 -2 0
-3 -5 16 -4 -12 8 -1 0
-3 -5 16 -4 -11 5 2 -1
-3 -5 16 -4 -11 6 0 0
-3 -5 16 -4 -11 7 -1 0
-3 -5 16 -4 -10 4 1 0
-3 -5 16 -4 -10 5 0 0
-3 -5 16 -4 -9 3 1 0
-3 -5 16 -4 -9 4 0 0
-3 -5 16 -4 -8 2 1 0
-3 -5 16 -4 -8 3 0 0
-3 -5 16 -4 -7 2 0 0
-3 -5 16 -4 -7 3 0 0
-3 -5 16 -4 -6 0 0 0
-3 -5 16 -4 -6 1 0 0
-3 -5 16 -4 -6 2 0 0
-3 -5 16 -4 -5 0 0 0
-3 -5 16 -4 -5 1 0 0
-3 -5 16 -4 -4 0 0 0
-3 -5 16 -4 -4 1 0 0
-3 -5 16 -4 -3 0 0 0
-3 -5 16 -4 -2 0 0 0
-3 -5 16 -4 -1 0 0 0
-3 -5 16 -4 0 0 0 0
-3 -5 16 -3 -15 11 -2 0
-3 -5 16 -3 -14 8 1 -1
-3 -5 16 -3 -14 9 -1 0
-3 -5 16 -3 -13 6 2 -1
-3 -5 16 -3 -13 7 0 0
-3 -5 16 -3 -13 8 -1 0
-3 -5 16 -3 -12 5 1 0
-3 -5 16 -3 -12 6 0 0
-3 -5 16 -3 -12 7 -1 0
-3 -5 16 -3 -11 3 2 0
-3 -5 16 -3 -11 4 1 0
-3 -5 16 -3 -11 5 0 0
-3 -5 16 -3 -10 2 2 0
-3 -5 16 -3 -10 3 1 0
-3 -5 16 -3 -10 4 0 0
-3 -5 16 -3 -9 2 1 0
-3 -5 16 -3 -9 3 0 0
-3 -5 16 -3 -8 1 0 0
-3 -5 16 -3 -8 1 1 0
-3 -5 16 -3 -8 2 0 0
-3 -5 16 -3 -8 3 0 0
-3 -5 16 -3 -7 0 0 0
-3 -5 16 -3 -7 1 0 0
-3 -5 16 -3 -7 2 0 0
-3 -5 16 -3 -6 -1 0 0
-3 -5 16 -3 -6 0 0 0
-3 -5 16 -3 -6 1 0 0
-3 -5 16 -3 -6 2 0 0
-3 -5 16 -3 -5 0 0 0
-3 -5 16 -3 -5 1 0 0
-3 -5 16 -3 -4 0 0 0
-3 -5 16 -3 -4 1 0 0
-3 -5 16 -3 -3 0 0 0
-3 -5 16 -3 -2 0 0 0
-3 -5 16 -3 -1 0 0 0
-3 -5 16 -3 0 0 0 0
-3 -5 16 -2 -18 14 -3 0
-3 -5 16 -2 -17 12 -2 0
-3 -5 16 -2 -16 9 1 -1
-3 -5 16 -2 -16 10 -1 0
-3 -5 16 -2 -16 11 -2 0
-3 -5 16 -2 -15 7 2 -1
-3 -5 16 -2 -15 8 0 0
-3 -5 16 -2 -15 9 -1 0
-3 -5 16 -2 -14 5 3 -1
-3 -5 16 -2 -14 6 1 0
-3 -5 16 -2 -14 6 2 -1
-3 -5 16 -2 -14 7 0 0
-3 -5 16 -2 -14 8 -1 0
-3 -5 16 -2 -13 4 2 0
-3 -5 16 -2 -13 5 1 0
-3 -5 16 -2 -13 6 0 0
-3 -5 16 -2 -12 3 2 0
-3 -5 16 -2 -12 4 1 0
-3 -5 16 -2 -12 5 0 0
-3 -5 16 -2 -11 2 2 0
-3 -5 16 -2 -11 3 1 0
-3 -5 16 -2 -11 4 0 0
-3 -5 16 -2 -10 2 0 0
-3 -5 16 -2 -10 2 1 0
-3 -5 16 -2 -10 3 0 0
-3 -5 16 -2 -10 4 0 0
-3 -5 16 -2 -9 1 0 0
-3 -5 16 -2 -9 1 1 0
-3 -5 16 -2 -9 2 0 0
-3 -5 16 -2 -9 3 0 0
-3 -5 16 -2 -8 0 0 0
-3 -5 16 -2 -8 1 0 0
-3 -5 16 -2 -8 1 1 0
-3 -5 16 -2 -8 2 0 0
-3 -5 16 -2 -7 -1 0 0
-3 -5 16 -2 -7 0 0 0
-3 -5 16 -2 -7 1 0 0
-3 -5 16 -2 -7 2 0 0
-3 -5 16 -2 -6 -1 0 0
-3 -5 16 -2 -6 0 0 0
-3 -5 16 -2 -6 1 0 0
-3 -5 16 -2 -5 0 0 0
-3 -5 16 -2 -5 1 0 0
-3 -5 16 -2 -4 0 0 0
-3 -5 16 -2 -4 1 0 0
-3 -5 16 -2 -3 0 0 0
-3 -5 16 -1 -19 12 0 -1
-3 -5 16 -1 -19 13 -2 0
-3 -5 16 -1 -18 9 3 -2
-3 -5 16 -1 -18 10 1 -1
-3 -5 16 -1 -18 11 -1 0
-3 -5 16 -1 -18 12 -2 0
-3 -5 16 -1 -17 7 4 -2
-3 -5 16 -1 -17 8 2 -1
-3 -5 16 -1 -17 9 0 0
-3 -5 16 -1 -17 10 -1 0
-3 -5 16 -1 -16 6 3 -1
-3 -5 16 -1 -16 7 1 0
-3 -5 16 -1 -16 7 2 -1
-3 -5 16 -1 -16 8 0 0
-3 -5 16 -1 -16 9 -1 0
-3 -5 16 -1 -15 4 4 -1
-3 -5 16 -1 -15 5 2 0
-3 -5 16 -1 -15 5 3 -1
-3 -5 16 -1 -15 6 1 0
-3 -5 16 -1 -15 7 0 0
-3 -5 16 -1 -15 8 -1 0
-3 -5 16 -1 -14 3 3 0
-3 -5 16 -1 -14 4 2 0
-3 -5 16 -1 -14 4 3 -1
-3 -5 16 -1 -14 5 1 0
-3 -5 16 -1 -14 6 0 0
-3 -5 16 -1 -13 2 3 0
-3 -5 16 -1 -13 3 2 0
-3 -5 16 -1 -13 4 1 0
-3 -5 16 -1 -13 5 0 0
-3 -5 16 -1 -13 7 -1 0
-3 -5 16 -1 -12 2 1 0
-3 -5 16 -1 -12 2 2 0
-3 -5 16 -1 -12 3 0 0
-3 -5 16 -1 -12 3 1 0
-3 -5 16 -1 -12 4 0 0
-3 -5 16 -1 -11 1 1 0
-3 -5 16 -1 -11 1 2 0
-3 -5 16 -1 -11 2 0 0
-3 -5 16 -1 -11 2 1 0
-3 -5 16 -1 -11 3 0 0
-3 -5 16 -1 -11 4 0 0
-3 -5 16 -1 -10 0 0 0
-3 -5 16 -1 -10 0 1 0
-3 -5 16 -1 -10 1 0 0
-3 -5 16 -1 -10 1 1 0
-3 -5 16 -1 -10 2 0 0
-3 -5 16 -1 -10 2 1 0
-3 -5 16 -1 -10 3 0 0
-3 -5 16 -1 -9 -1 0 0
-3 -5 16 -1 -9 0 0 0
-3 -5 16 -1 -9 0 1 0
-3 -5 16 -1 -9 1 0 0
-3 -5 16 -1 -9 1 1 0
-3 -5 16 -1 -9 2 0 0
-3 -5 16 -1 -9 3 0 0
-3 -5 16 -1 -8 -1 0 0
-3 -5 16 -1 -8 0 0 0
-3 -5 16 -1 -8 1 0 0
-3 -5 16 -1 -8 2 0 0
-3 -5 16 -1 -7 -1 0 0
-3 -5 16 -1 -7 0 0 0
-3 -5 16 -1 -7 1 0 0
-3 -5 16 -1 -7 2 0 0
-3 -5 16 -1 -6 -1 0 0
-3 -5 16 -1 -6 0 0 0
-3 -5 16 0 -19 7 6 -3
-3 -5 16 0 -19 8 4 -2
-3 -5 16 0 -19 9 2 -1
-3 -5 16 0 -19 10 1 -1
-3 -5 16 0 -18 6 5 -2
-3 -5 16 0 -18 7 3 -1
-3 -5 16 0 -18 8 1 0
-3 -5 16 0 -18 8 2 -1
-3 -5 16 0 -18 9 0 0
-3 -5 16 0 -18 10 -1 0
-3 -5 16 0 -17 5 4 -1
-3 -5 16 0 -17 5 5 -2
-3 -5 16 0 -17 6 2 0
-3 -5 16 0 -17 6 3 -1
-3 -5 16 0 -17 7 1 0
-3 -5 16 0 -17 7 2 -1
-3 -5 16 0 -17 8 0 0
-3 -5 16 0 -17 9 -1 0
-3 -5 16 0 -16 4 3 0
-3 -5 16 0 -16 4 4 -1
-3 -5 16 0 -16 5 2 0
-3 -5 16 0 -16 5 3 -1
-3 -5 16 0 -16 6 1 0
-3 -5 16 0 -16 7 0 0
-3 -5 16 0 -16 8 -1 0
-3 -5 16 0 -15 2 4 0
-3 -5 16 0 -15 3 3 0
-3 -5 16 0 -15 4 2 0
-3 -5 16 0 -15 4 3 -1
-3 -5 16 0 -15 5 0 0
-3 -5 16 0 -15 5 1 0
-3 -5 16 0 -15 6 0 0
-3 -5 16 0 -15 8 -1 0
-3 -5 16 0 -14 2 3 0
-3 -5 16 0 -14 3 1 0
-3 -5 16 0 -14 3 2 0
-3 -5 16 0 -14 4 0 0
-3 -5 16 0 -14 4 1 0
-3 -5 16 0 -14 5 0 0
-3 -5 16 0 -13 1 2 0
-3 -5 16 0 -13 1 3 0
-3 -5 16 0 -13 2 1 0
-3 -5 16 0 -13 2 2 0
-3 -5 16 0 -13 3 0 0
-3 -5 16 0 -13 3 1 0
-3 -5 16 0 -13 4 0 0
-3 -5 16 0 -13 5 0 0
-3 -5 16 0 -12 0 1 0
-3 -5 16 0 -12 0 2 0
-3 -5 16 0 -12 1 0 0
-3 -5 16 0 -12 1 1 0
-3 -5 16 0 -12 1 2 0
-3 -5 16 0 -12 2 0 0
-3 -5 16 0 -12 2 1 0
-3 -5 16 0 -12 3 0 0
-3 -5 16 0 -12 3 1 0
-3 -5 16 0 -12 4 0 0
-3 -5 16 0 -11 -1 1 0
-3 -5 16 0 -11 0 0 0
-3 -5 16 0 -11 0 1 0
-3 -5 16 0 -11 1 0 0
-3 -5 16 0 -11 1 1 0
-3 -5 16 0 -11 2 0 0
-3 -5 16 0 -11 2 1 0
-3 -5 16 0 -11 3 0 0
-3 -5 16 0 -10 -2 0 0
-3 -5 16 0 -10 -1 0 0
-3 -5 16 0 -10 0 0 0
-3 -5 16 0 -10 0 1 0
-3 -5 16 0 -10 1 0 0
-3 -5 16 0 -10 1 1 0
-3 -5 16 0 -10 2 0 0
-3 -5 16 0 -10 3 0 0
-3 -5 16 0 -9 -2 0 0
-3 -5 16 0 -9 -1 0 0
-3 -5 16 0 -9 0 0 0
-3 -5 16 1 -21 7 8 -4
-3 -5 16 1 -20 6 7 -3
-3 -5 16 1 -20 7 5 -2
-3 -5 16 1 -19 5 6 -2
-3 -5 16 1 -19 6 4 -1
-3 -5 16 1 -19 6 5 -2
-3 -5 16 1 -19 7 2 0
-3 -5 16 1 -19 7 3 -1
-3 -5 16 1 -18 4 5 -1
-3 -5 16 1 -18 5 3 0
-3 -5 16 1 -18 5 4 -1
-3 -5 16 1 -18 6 2 0
-3 -5 16 1 -18 6 3 -1
-3 -5 16 1 -18 7 1 0
-3 -5 16 1 -18 8 0 0
-3 -5 16 1 -17 2 5 0
-3 -5 16 1 -17 3 4 0
-3 -5 16 1 -17 3 5 -1
-3 -5 16 1 -17 4 3 0
-3 -5 16 1 -17 4 4 -1
-3 -5 16 1 -17 5 2 0
-3 -5 16 1 -17 5 3 -1
-3 -5 16 1 -17 6 0 0
-3 -5 16 1 -17 6 1 0
-3 -5 16 1 -17 7 0 0
-3 -5 16 1 -17 8 -1 0
-3 -5 16 1 -16 2 4 -1
-3 -5 16 1 -16 2 4 0
-3 -5 16 1 -16 3 2 0
-3 -5 16 1 -16 3 3 0
-3 -5 16 1 -16 3 4 -1
-3 -5 16 1 -16 4 1 0
-3 -5 16 1 -16 4 2 0
-3 -5 16 1 -16 5 0 0
-3 -5 16 1 -16 5 1 0
-3 -5 16 1 -16 6 0 0
-3 -5 16 1 -16 8 -1 0
-3 -5 16 1 -15 1 3 0
-3 -5 16 1 -15 1 4 0
-3 -5 16 1 -15 2 2 0
-3 -5 16 1 -15 2 3 0
-3 -5 16 1 -15 3 0 0
-3 -5 16 1 -15 3 1 0
-3 -5 16 1 -15 3 2 0
-3 -5 16 1 -15 4 0 0
-3 -5 16 1 -15 4 1 0
-3 -5 16 1 -15 5 0 0
-3 -5 16 1 -15 6 0 0
-3 -5 16 1 -14 -1 4 1
-3 -5 16 1 -14 0 3 0
-3 -5 16 1 -14 1 1 0
-3 -5 16 1 -14 1 2 0
-3 -5 16 1 -14 1 3 0
-3 -5 16 1 -14 2 0 0
-3 -5 16 1 -14 2 1 0
-3 -5 16 1 -14 2 2 0
-3 -5 16 1 -14 3 0 0
-3 -5 16 1 -14 3 1 0
-3 -5 16 1 -14 4 0 0
-3 -5 16 1 -14 5 0 0
-3 -5 16 1 -13 -1 2 0
-3 -5 16 1 -13 0 0 0
-3 -5 16 1 -13 0 1 0
-3 -5 16 1 -13 0 2 0
-3 -5 16 1 -13 1 0 0
-3 -5 16 1 -13 1 1 0
-3 -5 16 1 -13 1 2 0
-3 -5 16 1 -13 2 0 0
-3 -5 16 1 -13 2 1 0
-3 -5 16 1 -12 -2 1 0
-3 -5 16 1 -12 -1 0 0
-3 -5 16 1 -12 -1 1 0
-3 -5 16 1 -12 0 0 0
-3 -5 16 1 -11 -3 0 0
-3 -5 16 2 -20 4 7 -2
-3 -5 16 2 -19 3 5 0
-3 -5 16 2 -19 3 6 -1
-3 -5 16 2 -19 4 4 0
-3 -5 16 2 -19 4 5 -1
-3 -5 16 2 -19 4 6 -2
-3 -5 16 2 -18 1 6 0
-3 -5 16 2 -18 2 5 0
-3 -5 16 2 -18 3 4 -1
-3 -5 16 2 -18 3 4 0
-3 -5 16 2 -18 3 5 -1
-3 -5 16 2 -18 4 2 0
-3 -5 16 2 -18 4 3 0
-3 -5 16 2 -18 4 4 -1
-3 -5 16 2 -18 5 2 0
-3 -5 16 2 -18 5 3 -1
-3 -5 16 2 -17 0 5 1
-3 -5 16 2 -17 1 4 0
-3 -5 16 2 -17 1 5 0
-3 -5 16 2 -17 2 3 0
-3 -5 16 2 -17 2 4 -1
-3 -5 16 2 -17 2 4 0
-3 -5 16 2 -17 2 5 -1
-3 -5 16 2 -17 3 2 0
-3 -5 16 2 -17 3 3 0
-3 -5 16 2 -17 3 4 -1
-3 -5 16 2 -17 4 0 0
-3 -5 16 2 -17 4 1 0
-3 -5 16 2 -17 4 2 0
-3 -5 16 2 -17 5 0 0
-3 -5 16 2 -17 5 1 0
-3 -5 16 2 -17 6 0 0
-3 -5 16 2 -16 -1 5 1
-3 -5 16 2 -16 0 4 0
-3 -5 16 2 -16 1 2 0
-3 -5 16 2 -16 1 3 0
-3 -5 16 2 -16 1 4 0
-3 -5 16 2 -16 2 1 0
-3 -5 16 2 -16 2 2 0
-3 -5 16 2 -16 2 3 0
-3 -5 16 2 -15 -2 4 1
-3 -5 16 2 -15 -1 3 0
-3 -5 16 3 -19 0 6 1
-3 -5 16 3 -19 1 6 -1
-3 -5 16 3 -19 1 6 0
-3 -5 17 -13 3 0 0 0
-3 -5 17 -12 2 0 0 0
-3 -5 17 -11 0 1 0 0
-3 -5 17 -11 1 0 0 0
-3 -5 17 -11 2 0 0 0
-3 -5 17 -10 -2 2 0 0
-3 -5 17 -10 -1 1 0 0
-3 -5 17 -10 0 0 0 0
-3 -5 17 -10 1 0 0 0
-3 -5 17 -9 -5 5 -1 0
-3 -5 17 -9 -4 3 0 0
-3 -5 17 -9 -3 2 0 0
-3 -5 17 -9 -2 1 0 0
-3 -5 17 -9 -1 0 0 0
-3 -5 17 -9 -1 1 0 0
-3 -5 17 -9 0 0 0 0
-3 -5 17 -9 1 0 0 0
-3 -5 17 -8 -7 6 -1 0
-3 -5 17 -8 -6 4 0 0
-3 -5 17 -8 -5 3 0 0
-3 -5 17 -8 -4 2 0 0
-3 -5 17 -8 -3 1 0 0
-3 -5 17 -8 -2 0 0 0
-3 -5 17 -8 -2 1 0 0
-3 -5 17 -8 -1 0 0 0
-3 -5 17 -8 0 0 0 0
-3 -5 17 -8 1 0 0 0
-3 -5 17 -7 -9 7 -1 0
-3 -5 17 -7 -8 5 0 0
-3 -5 17 -7 -8 6 -1 0
-3 -5 17 -7 -7 3 1 0
-3 -5 17 -7 -7 4 0 0
-3 -5 17 -7 -6 3 0 0
-3 -5 17 -7 -5 2 0 0
-3 -5 17 -7 -4 1 0 0
-3 -5 17 -7 -4 2 0 0
-3 -5 17 -7 -3 0 0 0
-3 -5 17 -7 -3 1 0 0
-3 -5 17 -7 -2 0 0 0
-3 -5 17 -7 -2 1 0 0
-3 -5 17 -7 -1 0 0 0
-3 -5 17 -7 0 0 0 0
-3 -5 17 -6 -12 10 -2 0
-3 -5 17 -6 -11 8 -1 0
-3 -5 17 -6 -10 6 0 0
-3 -5 17 -6 -10 7 -1 0
-3 -5 17 -6 -9 4 1 0
-3 -5 17 -6 -9 5 0 0
-3 -5 17 -6 -8 3 1 0
-3 -5 17 -6 -8 4 0 0
-3 -5 17 -6 -7 2 1 0
-3 -5 17 -6 -7 3 0 0
-3 -5 17 -6 -6 2 0 0
-3 -5 17 -6 -5 0 0 0
-3 -5 17 -6 -5 1 0 0
-3 -5 17 -6 -5 2 0 0
-3 -5 17 -6 -4 0 0 0
-3 -5 17 -6 -4 1 0 0
-3 -5 17 -6 -3 0 0 0
-3 -5 17 -6 -3 1 0 0
-3 -5 17 -6 -2 0 0 0
-3 -5 17 -6 -1 0 0 0
-3 -5 17 -6 0 0 0 0
-3 -5 17 -5 -15 13 -3 0
-3 -5 17 -5 -14 11 -2 0
-3 -5 17 -5 -13 8 1 -1
-3 -5 17 -5 -13 9 -1 0
-3 -5 17 -5 -12 6 2 -1
-3 -5 17 -5 -12 7 0 0
-3 -5 17 -5 -12 8 -1 0
-3 -5 17 -5 -11 5 1 0
-3 -5 17 -5 -11 6 0 0
-3 -5 17 -5 -11 7 -1 0
-3 -5 17 -5 -10 3 2 0
-3 -5 17 -5 -10 4 1 0
-3 -5 17 -5 -10 5 0 0
-3 -5 17 -5 -9 3 1 0
-3 -5 17 -5 -9 4 0 0
-3 -5 17 -5 -9 6 -1 0
-3 -5 17 -5 -8 2 1 0
-3 -5 17 -5 -8 3 0 0
-3 -5 17 -5 -7 1 0 0
-3 -5 17 -5 -7 2 0 0
-3 -5 17 -5 -7 3 0 0
-3 -5 17 -5 -6 0 0 0
-3 -5 17 -5 -6 1 0 0
-3 -5 17 -5 -6 2 0 0
-3 -5 17 -5 -5 0 0 0
-3 -5 17 -5 -5 1 0 0
-3 -5 17 -5 -5 2 0 0
-3 -5 17 -5 -4 0 0 0
-3 -5 17 -5 -4 1 0 0
-3 -5 17 -4 -17 14 -3 0
-3 -5 17 -4 -16 11 0 -1
-3 -5 17 -4 -16 12 -2 0
-3 -5 17 -4 -15 8 3 -2
-3 -5 17 -4 -15 9 1 -1
-3 -5 17 -4 -15 10 -1 0
-3 -5 17 -4 -15 11 -2 0
-3 -5 17 -4 -14 7 2 -1
-3 -5 17 -4 -14 8 0 0
-3 -5 17 -4 -14 9 -1 0
-3 -5 17 -4 -13 6 1 0
-3 -5 17 -4 -13 6 2 -1
-3 -5 17 -4 -13 7 0 0
-3 -5 17 -4 -13 8 -1 0
-3 -5 17 -4 -12 4 2 0
-3 -5 17 -4 -12 5 1 0
-3 -5 17 -4 -12 6 0 0
-3 -5 17 -4 -12 7 -1 0
-3 -5 17 -4 -11 3 2 0
-3 -5 17 -4 -11 4 1 0
-3 -5 17 -4 -11 5 0 0
-3 -5 17 -4 -10 3 0 0
-3 -5 17 -4 -10 3 1 0
-3 -5 17 -4 -10 4 0 0
-3 -5 17 -4 -9 1 1 0
-3 -5 17 -4 -9 2 0 0
-3 -5 17 -4 -9 2 1 0
-3 -5 17 -4 -9 3 0 0
-3 -5 17 -4 -9 4 0 0
-3 -5 17 -4 -8 1 0 0
-3 -5 17 -4 -8 2 0 0
-3 -5 17 -4 -8 3 0 0
-3 -5 17 -4 -7 -1 0 0
-3 -5 17 -4 -7 0 0 0
-3 -5 17 -4 -7 1 0 0
-3 -5 17 -4 -7 2 0 0
-3 -5 17 -3 -20 17 -4 0
-3 -5 17 -3 -19 14 -1 -1
-3 -5 17 -3 -19 15 -3 0
-3 -5 17 -3 -18 12 0 -1
-3 -5 17 -3 -18 13 -2 0
-3 -5 17 -3 -17 9 3 -2
-3 -5 17 -3 -17 10 1 -1
-3 -5 17 -3 -17 11 -1 0
-3 -5 17 -3 -17 12 -2 0
-3 -5 17 -3 -16 7 4 -2
-3 -5 17 -3 -16 8 2 -1
-3 -5 17 -3 -16 9 0 0
-3 -5 17 -3 -16 9 1 -1
-3 -5 17 -3 -16 10 -1 0
-3 -5 17 -3 -16 11 -2 0
-3 -5 17 -3 -15 6 3 -1
-3 -5 17 -3 -15 7 1 0
-3 -5 17 -3 -15 7 2 -1
-3 -5 17 -3 -15 8 0 0
-3 -5 17 -3 -15 9 -1 0
-3 -5 17 -3 -14 5 2 0
-3 -5 17 -3 -14 5 3 -1
-3 -5 17 -3 -14 6 1 0
-3 -5 17 -3 -14 7 0 0
-3 -5 17 -3 -14 8 -1 0
-3 -5 17 -3 -13 3 3 0
-3 -5 17 -3 -13 4 2 0
-3 -5 17 -3 -13 5 1 0
-3 -5 17 -3 -13 6 0 0
-3 -5 17 -3 -12 3 2 0
-3 -5 17 -3 -12 4 0 0
-3 -5 17 -3 -12 4 1 0
-3 -5 17 -3 -12 5 0 0
-3 -5 17 -3 -12 7 -1 0
-3 -5 17 -3 -11 2 1 0
-3 -5 17 -3 -11 2 2 0
-3 -5 17 -3 -11 3 0 0
-3 -5 17 -3 -11 3 1 0
-3 -5 17 -3 -11 4 0 0
-3 -5 17 -3 -10 1 1 0
-3 -5 17 -3 -10 2 0 0
-3 -5 17 -3 -10 2 1 0
-3 -5 17 -3 -10 3 0 0
-3 -5 17 -3 -9 0 0 0
-3 -5 17 -2 -22 18 -4 0
-3 -5 17 -2 -21 15 -1 -1
-3 -5 17 -2 -21 16 -3 0
-3 -5 17 -2 -20 12 2 -2
-3 -5 17 -2 -20 13 0 -1
-3 -5 17 -2 -20 14 -2 0
-3 -5 17 -2 -20 15 -3 0
-3 -5 17 -2 -19 9 5 -3
-3 -5 17 -2 -19 10 3 -2
-3 -5 17 -2 -19 11 1 -1
-3 -5 17 -2 -19 12 -1 0
-3 -5 17 -2 -19 13 -2 0
-3 -5 17 -2 -18 8 4 -2
-3 -5 17 -2 -18 9 2 -1
-3 -5 17 -2 -18 10 0 0
-3 -5 17 -2 -18 10 1 -1
-3 -5 17 -2 -18 11 -1 0
-3 -5 17 -2 -18 12 -2 0
-3 -5 17 -2 -17 7 3 -1
-3 -5 17 -2 -17 7 4 -2
-3 -5 17 -2 -17 8 1 0
-3 -5 17 -2 -17 8 2 -1
-3 -5 17 -2 -17 9 0 0
-3 -5 17 -2 -17 10 -1 0
-3 -5 17 -2 -16 5 4 -1
-3 -5 17 -2 -16 6 2 0
-3 -5 17 -2 -16 6 3 -1
-3 -5 17 -2 -16 7 1 0
-3 -5 17 -2 -16 7 2 -1
-3 -5 17 -2 -16 8 0 0
-3 -5 17 -2 -16 9 -1 0
-3 -5 17 -2 -15 4 3 0
-3 -5 17 -2 -15 5 2 0
-3 -5 17 -2 -15 5 3 -1
-3 -5 17 -2 -15 6 1 0
-3 -5 17 -2 -15 7 0 0
-3 -5 17 -2 -15 8 -1 0
-3 -5 17 -2 -14 3 3 0
-3 -5 17 -2 -14 4 1 0
-3 -5 17 -2 -14 4 2 0
-3 -5 17 -2 -14 4 3 -1
-3 -5 17 -2 -14 5 0 0
-3 -5 17 -2 -14 5 1 0
-3 -5 17 -2 -14 6 0 0
-3 -5 17 -2 -13 2 2 0
-3 -5 17 -2 -13 2 3 0
-3 -5 17 -1 -23 15 1 -2
-3 -5 17 -1 -22 12 4 -3
-3 -5 17 -1 -22 13 2 -2
-3 -5 17 -1 -22 14 0 -1
-3 -5 17 -1 -22 15 -2 0
-3 -5 17 -1 -21 9 7 -4
-3 -5 17 -1 -21 10 5 -3
-3 -5 17 -1 -21 11 3 -2
-3 -5 17 -1 -21 12 1 -1
-3 -5 17 -1 -21 13 -1 0
-3 -5 17 -1 -21 13 0 -1
-3 -5 17 -1 -21 14 -2 0
-3 -5 17 -1 -20 8 6 -3
-3 -5 17 -1 -20 9 4 -2
-3 -5 17 -1 -20 10 2 -1
-3 -5 17 -1 -20 11 0 0
-3 -5 17 -1 -20 11 1 -1
-3 -5 17 -1 -20 12 -1 0
-3 -5 17 -1 -20 13 -2 0
-3 -5 17 -1 -19 7 5 -2
-3 -5 17 -1 -19 8 3 -1
-3 -5 17 -1 -19 8 4 -2
-3 -5 17 -1 -19 9 1 0
-3 -5 17 -1 -19 9 2 -1
-3 -5 17 -1 -19 10 0 0
-3 -5 17 -1 -19 10 1 -1
-3 -5 17 -1 -19 11 -1 0
-3 -5 17 -1 -19 12 -2 0
-3 -5 17 -1 -18 6 4 -1
-3 -5 17 -1 -18 6 5 -2
-3 -5 17 -1 -18 7 2 0
-3 -5 17 -1 -18 7 3 -1
-3 -5 17 -1 -18 8 1 0
-3 -5 17 -1 -18 8 2 -1
-3 -5 17 -1 -18 9 0 0
-3 -5 17 -1 -17 4 4 0
-3 -5 17 -1 -17 5 3 0
-3 -5 17 0 -24 12 6 -4
-3 -5 17 0 -23 9 9 -5
-3 -5 17 0 -23 10 7 -4
-3 -5 17 0 -23 11 5 -3
-3 -5 17 0 -23 12 3 -2
-3 -5 17 0 -22 8 8 -4
-3 -5 17 0 -22 9 6 -3
-3 -5 17 0 -22 10 4 -2
-3 -5 17 0 -22 11 2 -1
-3 -5 17 0 -22 11 3 -2
-3 -5 17 0 -22 12 0 0
-3 -5 17 0 -21 7 7 -3
-3 -5 17 1 -25 9 11 -6
-3 -5 18 -14 3 0 0 0
-3 -5 18 -13 1 1 0 0
-3 -5 18 -13 2 0 0 0
-3 -5 18 -12 -1 2 0 0
-3 -5 18 -12 0 1 0 0
-3 -5 18 -12 1 0 0 0
-3 -5 18 -12 2 0 0 0
-3 -5 18 -11 -4 5 -1 0
-3 -5 18 -11 -3 3 0 0
-3 -5 18 -11 -2 2 0 0
-3 -5 18 -11 -1 1 0 0
-3 -5 18 -11 0 0 0 0
-3 -5 18 -11 1 0 0 0
-3 -5 18 -10 -6 6 -1 0
-3 -5 18 -10 -5 4 0 0
-3 -5 18 -10 -4 3 0 0
-3 -5 18 -10 -3 2 0 0
-3 -5 18 -10 -2 1 0 0
-3 -5 18 -10 -1 0 0 0
-3 -5 18 -10 -1 1 0 0
-3 -5 18 -10 0 0 0 0
-3 -5 18 -10 1 0 0 0
-3 -5 18 -9 -9 9 -2 0
-3 -5 18 -9 -8 7 -1 0
-3 -5 18 -9 -7 5 0 0
-3 -5 18 -9 -7 6 -1 0
-3 -5 18 -9 -6 3 1 0
-3 -5 18 -9 -6 4 0 0
-3 -5 18 -9 -5 3 0 0
-3 -5 18 -9 -4 2 0 0
-3 -5 18 -9 -3 1 0 0
-3 -5 18 -9 -2 0 0 0
-3 -5 18 -9 -2 1 0 0
-3 -5 18 -9 -1 0 0 0
-3 -5 18 -8 -11 10 -2 0
-3 -5 18 -8 -10 7 1 -1
-3 -5 18 -8 -10 8 -1 0
-3 -5 18 -8 -9 6 0 0
-3 -5 18 -8 -9 7 -1 0
-3 -5 18 -8 -8 4 1 0
-3 -5 18 -8 -8 5 0 0
-3 -5 18 -8 -8 6 -1 0
-3 -5 18 -8 -7 3 1 0
-3 -5 18 -8 -7 4 0 0
-3 -5 18 -8 -6 3 0 0
-3 -5 18 -8 -5 2 0 0
-3 -5 18 -8 -4 0 0 0
-3 -5 18 -8 -4 1 0 0
-3 -5 18 -8 -4 2 0 0
-3 -5 18 -8 -3 0 0 0
-3 -5 18 -7 -14 13 -3 0
-3 -5 18 -7 -13 10 0 -1
-3 -5 18 -7 -13 11 -2 0
-3 -5 18 -7 -12 8 1 -1
-3 -5 18 -7 -12 9 -1 0
-3 -5 18 -7 -12 10 -2 0
-3 -5 18 -7 -11 7 0 0
-3 -5 18 -7 -11 8 -1 0
-3 -5 18 -7 -10 5 1 0
-3 -5 18 -7 -10 6 0 0
-3 -5 18 -7 -10 7 -1 0
-3 -5 18 -7 -9 4 1 0
-3 -5 18 -7 -9 5 0 0
-3 -5 18 -7 -8 3 1 0
-3 -5 18 -7 -8 4 0 0
-3 -5 18 -7 -7 2 0 0
-3 -5 18 -7 -7 3 0 0
-3 -5 18 -6 -17 16 -4 0
-3 -5 18 -6 -16 14 -3 0
-3 -5 18 -6 -15 11 0 -1
-3 -5 18 -6 -15 12 -2 0
-3 -5 18 -6 -14 9 1 -1
-3 -5 18 -6 -14 10 -1 0
-3 -5 18 -6 -14 11 -2 0
-3 -5 18 -6 -13 7 2 -1
-3 -5 18 -6 -13 8 0 0
-3 -5 18 -6 -13 9 -1 0
-3 -5 18 -6 -12 6 1 0
-3 -5 18 -6 -12 6 2 -1
-3 -5 18 -6 -12 7 0 0
-3 -5 18 -6 -12 8 -1 0
-3 -5 18 -6 -11 4 2 0
-3 -5 18 -6 -11 5 1 0
-3 -5 18 -6 -11 6 0 0
-3 -5 18 -5 -19 17 -4 0
-3 -5 18 -5 -18 14 -1 -1
-3 -5 18 -5 -18 15 -3 0
-3 -5 18 -5 -17 11 2 -2
-3 -5 18 -5 -17 12 0 -1
-3 -5 18 -5 -17 13 -2 0
-3 -5 18 -5 -17 14 -3 0
-3 -5 18 -5 -16 9 3 -2
-3 -5 18 -5 -16 10 1 -1
-3 -5 18 -5 -16 11 -1 0
-3 -5 18 -5 -16 12 -2 0
-3 -5 18 -5 -15 8 2 -1
-3 -5 18 -5 -15 9 0 0
-3 -5 18 -4 -24 25 -9 1
-3 -5 18 -4 -22 20 -5 0
-3 -5 18 -4 -21 17 -2 -1
-3 -5 18 -4 -21 18 -4 0
-3 -5 18 -4 -20 14 1 -2
-3 -5 18 -4 -20 15 -1 -1
-3 -5 18 -4 -20 16 -3 0
-3 -5 18 -4 -19 11 4 -3
-3 -5 18 -3 -25 23 -6 0
-3 -5 19 -16 4 0 0 0
-3 -5 19 -15 2 1 0 0
-3 -5 19 -15 3 0 0 0
-3 -5 19 -14 0 2 0 0
-3 -5 19 -14 1 1 0 0
-3 -5 19 -14 2 0 0 0
-3 -5 19 -14 3 0 0 0
-3 -5 19 -13 -3 5 -1 0
-3 -5 19 -13 -2 3 0 0
-3 -5 19 -13 -1 2 0 0
-3 -5 19 -13 0 1 0 0
-3 -5 19 -13 1 0 0 0
-3 -5 19 -13 2 0 0 0
-3 -5 19 -12 -6 8 -2 0
-3 -5 19 -12 -5 6 -1 0
-3 -5 19 -12 -4 4 0 0
-3 -5 19 -12 -4 5 -1 0
-3 -5 19 -12 -3 3 0 0
-3 -5 19 -12 -2 2 0 0
-3 -5 19 -12 -1 1 0 0
-3 -5 19 -12 0 0 0 0
-3 -5 19 -11 -8 9 -2 0
-3 -5 19 -11 -7 7 -1 0
-3 -5 19 -11 -6 5 0 0
-3 -5 19 -11 -6 6 -1 0
-3 -5 19 -11 -5 4 0 0
-3 -5 19 -11 -4 3 0 0
-3 -5 19 -10 -11 12 -3 0
-3 -5 19 -10 -10 10 -2 0
-3 -5 19 -10 -9 7 1 -1
-3 -5 19 -10 -9 8 -1 0
-3 -5 19 -10 -8 6 0 0
-3 -5 19 -9 -14 15 -4 0
-3 -5 19 -9 -13 13 -3 0
-3 -5 20 -18 5 0 0 0
-3 -5 20 -17 3 1 0 0
-3 -5 20 -17 4 0 0 0
-3 -5 20 -16 0 4 -1 0
-3 -5 20 -16 1 2 0 0
-3 -5 20 -16 2 1 0 0
-3 -5 20 -16 3 0 0 0
-3 -5 20 -15 -2 5 -1 0
-3 -5 20 -15 -1 3 0 0
-3 -5 21 -21 8 -1 0 0
-3 -5 21 -20 6 0 0 0
-3 -5 9 11 1 -1 0 0
-3 -5 11 13 -6 -7 0 0
-3 -5 12 8 0 0 0 0
-3 -5 12 14 -12 -16 -1 2
-3 -5 13 7 -3 -1 0 0
-3 -5 15 5 -13 -2 0 0
-3 -5 13 7 -8 -4 0 0
-3 -5 11 9 -5 -2 0 0
-3 -5 14 4 -9 2 0 0
-3 -5 12 4 0 0 0 0
-3 -5 11 13 -6 -7 0 0
-3 -5 11 9 -5 -2 0 0
-3 -5 12 4 0 0 0 0
-3 -5 14 4 -9 2 0 0
-3 -5 14 2 -18 9 1 -1
-3 -5 5 -1 0 0 0 0
-3 -5 9 3 -3 -1 0 0
-3 -5 11 9 -5 -2 0 0
-3 -5 11 1 -6 1 0 0
-3 -5 13 5 -14 -2 4 1
-3 -5 13 7 -8 -4 0 0
-3 -5 15 1 -17 6 3 -1
-3 -5 15 5 -13 -2 0 0
-3 -5 17 5 -25 1 11 -2
-3 -5 17 -3 -22 22 -8 1
-3 -5 8 8 -7 -5 2 1
-3 -5 10 10 -8 -7 0 0
-3 -5 12 6 -16 0 7 -2
-3 -5 12 10 -14 -8 4 1
-3 -5 12 14 -12 -16 -1 2
-3 -5 12 6 -9 -1 0 0
-3 -5 14 8 -19 -4 7 -1
-3 -5 16 4 -27 7 14 -7
-3 -5 14 8 -14 -7 2 1
-3 -5 13 9 -17 -7 7 2
-3 -5 11 13 -6 -7 0 0
-3 -5 11 9 -5 -2 0 0
-3 -5 22 -5 -35 21 16 -12
-3 -5 25 -19 -25 49 -29 6
-3 -5 23 -13 -25 34 -13 1
-3 -5 21 -7 -21 13 0 0
-3 -5 21 -7 -25 21 -1 -2
-3 -5 19 -3 -17 6 0 0
-3 -5 19 -1 -25 10 7 -3
-3 -5 25 -15 -36 57 -28 4
-3 -5 23 -9 -36 40 -8 -3
-3 -5 21 -3 -32 19 3 -2
-3 -5 21 -3 -36 25 8 -8
-3 -5 19 1 -28 10 5 -2
-3 -5 16 1 -12 4 0 0
-3 -5 20 -7 -25 28 -10 1
-3 -5 18 -1 -23 13 0 0
-3 -5 20 -5 -30 32 -11 1
-3 -5 22 -7 -36 39 -9 -2
-3 -5 20 -1 -32 18 4 -3
-3 -5 20 -1 -34 16 17 -11
-3 -5 15 5 -13 -2 0 0
-3 -5 17 1 -25 13 3 -2
-3 -5 19 -5 -25 26 -9 1
-3 -5 17 1 -21 9 0 0
-3 -5 17 1 -21 5 7 -2
-3 -5 15 5 -13 -2 0 0
-3 -5 17 3 -20 -1 5 1
-3 -5 21 -11 -17 17 -1 -2
-3 -5 19 -3 -17 6 0 0
-3 -5 23 -17 -12 20 -8 1
-3 -5 16 3 -18 0 5 1
-3 -5 19 1 -28 10 5 -2
-3 -5 19 -3 -17 6 0 0
-3 -5 19 -5 -20 12 4 -3
-3 -5 19 -3 -17 6 0 0
-3 -5 17 5 -25 1 11 -2
-3 -5 18 -5 -15 9 0 0
-3 -5 16 1 -12 4 0 0
-3 -5 16 3 -18 0 5 1
-3 -5 25 -31 16 -3 0 0
-3 -5 23 -17 -12 20 -8 1
-3 -5 21 -15 -1 1 0 0
-3 -5 21 -11 -17 17 -1 -2
-3 -5 19 -3 -17 6 0 0
-3 -5 19 -11 0 0 0 0
-3 -5 19 -5 -20 12 4 -3
-3 -5 17 1 -16 1 0 0
-3 -5 17 3 -20 -1 5 1
-3 -5 17 1 -21 5 7 -2
-3 -5 15 5 -13 -2 0 0
-3 -5 15 9 -21 -10 8 4
-3 -5 30 -41 13 17 -16 4
-3 -5 26 -23 -12 23 -5 -2
-3 -5 24 -19 -13 24 -10 1
-3 -5 22 -9 -21 13 3 -2
-3 -5 22 -5 -35 21 16 -12
-3 -5 20 -5 -13 -2 0 0
-3 -5 20 -1 -27 6 9 -2
-3 -5 20 -1 -34 16 17 -11
-3 -5 18 -3 -10 1 0 0
-3 -5 18 3 -26 3 10 -3
-3 -5 25 -15 -36 57 -28 4
-3 -5 21 -3 -32 19 3 -2
-3 -5 17 5 -25 1 11 -2
-3 -5 17 3 -20 -1 5 1
-3 -5 20 -1 -27 6 9 -2
-3 -5 19 -3 -17 6 0 0
-3 -5 22 -5 -35 21 16 -12
-3 -5 23 -17 -12 20 -8 1
-3 -5 19 -3 -17 6 0 0
-3 -5 17 5 -25 1 11 -2
-3 -5 16 1 -12 4 0 0
-3 -5 18 3 -26 3 10 -3
-3 -5 15 5 -13 -2 0 0
-3 -5 17 5 -25 1 11 -2
-3 -5 22 -5 -35 21 16 -12
