-4 2 4 -3 0 0 0 0
-4 2 5 -5 1 0 0 0
-4 2 5 -4 -1 1 0 0
-4 2 5 -4 0 0 0 0
-4 2 5 -3 -1 0 0 0
-4 2 5 -3 0 0 0 0
-4 2 6 -7 2 0 0 0
-4 2 6 -6 0 1 0 0
-4 2 6 -6 1 0 0 0
-4 2 6 -5 -2 2 0 0
-4 2 6 -5 -1 1 0 0
-4 2 6 -5 0 0 0 0
-4 2 6 -5 1 0 0 0
-4 2 6 -4 -2 1 0 0
-4 2 6 -4 -1 0 0 0
-4 2 6 -4 0 0 0 0
-4 2 7 -9 3 0 0 0
-4 2 7 -8 1 1 0 0
-4 2 7 -8 2 0 0 0
-4 2 7 -7 -1 2 0 0
-4 2 7 -7 0 1 0 0
-4 2 7 -7 1 0 0 0
-4 2 7 -6 -3 3 0 0
-4 2 7 -6 -2 2 0 0
-4 2 7 -6 -1 1 0 0
-4 2 7 -5 -3 1 0 0
-4 2 8 -12 6 -1 0 0
-4 2 8 -11 4 0 0 0
-4 2 8 -10 1 3 -1 0
-4 2 8 -10 2 1 0 0
-4 2 8 -10 3 0 0 0
-4 2 8 -9 -1 4 -1 0
-4 2 8 -9 0 2 0 0
-4 2 8 -9 1 1 0 0
-4 2 8 -8 -2 3 0 0
-4 2 8 -8 -2 4 -1 0
-4 2 9 -14 7 -1 0 0
-4 2 9 -13 4 2 -1 0
-4 2 9 -13 5 0 0 0
-4 2 9 -12 1 5 -2 0
-4 2 9 -12 2 3 -1 0
-4 2 9 -12 3 1 0 0
-4 2 9 -11 -1 6 -2 0
-4 2 9 -11 0 4 -1 0
-4 2 9 -11 1 2 0 0
-4 2 9 -10 -3 6 0 -1
-4 2 10 -17 10 -2 0 0
-4 2 10 -16 7 1 -1 0
-4 2 10 -16 8 -1 0 0
-4 2 10 -15 3 7 -5 1
-4 2 10 -15 4 4 -2 0
-4 2 10 -15 5 2 -1 0
-4 2 10 -15 6 0 0 0
-4 2 10 -14 0 10 -6 1
-4 2 10 -14 1 7 -3 0
-4 2 10 -14 2 5 -2 0
-4 2 11 -20 13 -3 0 0
-4 2 11 -19 10 0 -1 0
-4 2 11 -19 11 -2 0 0
-4 2 11 -18 6 6 -5 1
-4 2 11 -18 7 3 -2 0
-4 2 12 -23 16 -4 0 0
-4 2 4 -3 0 0 0 0
-4 2 6 -3 -3 0 0 0
-4 2 3 0 0 0 0 0
-4 2 5 -2 -1 0 0 0
-4 2 7 -6 -3 3 0 0
-4 2 6 -3 -3 0 0 0
-4 2 6 -3 -3 0 0 0
-4 2 5 -2 -1 0 0 0
-4 2 7 -6 -3 3 0 0
-4 2 3 0 0 0 0 0
-4 2 6 -3 -3 0 0 0
-4 2 4 -3 0 0 0 0
-4 2 3 0 0 0 0 0
-4 2 4 -3 0 0 0 0
-4 2 6 -3 -3 0 0 0
-4 2 5 -2 -1 0 0 0
-4 2 7 -6 -3 3 0 0
-4 2 6 -3 -3 0 0 0
-4 2 6 -3 -3 0 0 0
-4 2 5 -2 -1 0 0 0
-4 2 7 -6 -3 3 0 0
-4 2 4 -3 0 0 0 0
-4 2 3 0 0 0 0 0
-4 2 4 -3 0 0 0 0
-4 2 6 -3 -3 0 0 0
-4 2 6 -3 -3 0 0 0
-4 2 12 -23 16 -4 0 0
-4 2 10 -13 -1 7 -1 -1
-4 2 13 -25 14 4 -7 2
-4 2 11 -17 3 9 -6 1
-4 2 9 -11 1 2 0 0
-4 2 10 -13 -1 7 -1 -1
-4 2 10 -13 -1 7 -1 -1
-4 2 11 -17 3 9 -6 1
-4 2 9 -11 1 2 0 0
-4 2 13 -25 14 4 -7 2
-4 2 10 -13 -1 7 -1 -1
-4 2 12 -23 16 -4 0 0
-4 2 13 -25 14 4 -7 2
-4 2 12 -23 16 -4 0 0
-4 2 10 -13 -1 7 -1 -1
-4 2 11 -17 3 9 -6 1
-4 2 9 -11 1 2 0 0
-4 2 10 -13 -1 7 -1 -1
-4 2 10 -13 -1 7 -1 -1
-4 2 11 -17 3 9 -6 1
-4 2 9 -11 1 2 0 0
-4 2 12 -23 16 -4 0 0
-4 2 13 -25 14 4 -7 2
-4 2 12 -23 16 -4 0 0
-4 2 10 -13 -1 7 -1 -1
-4 2 10 -13 -1 7 -1 -1
