-3 -2 3 0 0 0 0 0
-3 -2 3 1 0 0 0 0
-3 -2 4 -1 0 0 0 0
-3 -2 4 0 0 0 0 0
-3 -2 4 1 0 0 0 0
-3 -2 4 2 0 0 0 0
-3 -2 5 -1 0 0 0 0
-3 -2 5 0 -1 0 0 0
-3 -2 5 0 0 0 0 0
-3 -2 5 1 -1 0 0 0
-3 -2 5 1 0 0 0 0
-3 -2 5 2 -1 0 0 0
-3 -2 5 2 0 0 0 0
-3 -2 5 3 0 0 0 0
-3 -2 6 -2 0 0 0 0
-3 -2 6 -1 -1 0 0 0
-3 -2 6 -1 0 0 0 0
-3 -2 6 0 -2 0 0 0
-3 -2 6 0 -1 0 0 0
-3 -2 6 0 0 0 0 0
-3 -2 6 1 -3 0 0 0
-3 -2 6 1 -2 0 0 0
-3 -2 6 1 -1 0 0 0
-3 -2 6 1 0 0 0 0
-3 -2 6 2 -3 -1 0 0
-3 -2 6 2 -2 0 0 0
-3 -2 6 2 -1 0 0 0
-3 -2 6 2 0 0 0 0
-3 -2 6 3 -2 -1 0 0
-3 -2 6 3 0 0 0 0
-3 -2 7 -3 0 0 0 0
-3 -2 7 -2 -1 0 0 0
-3 -2 7 -2 0 0 0 0
-3 -2 7 -1 -3 1 0 0
-3 -2 7 -1 -2 0 0 0
-3 -2 7 -1 -1 0 0 0
-3 -2 7 -1 0 0 0 0
-3 -2 7 0 -4 1 0 0
-3 -2 7 0 -3 0 0 0
-3 -2 7 0 -2 0 0 0
-3 -2 7 0 -1 0 0 0
-3 -2 7 0 0 0 0 0
-3 -2 7 1 -5 0 1 0
-3 -2 7 1 -4 0 0 0
-3 -2 7 1 -3 0 0 0
-3 -2 7 1 -2 0 0 0
-3 -2 7 1 -1 0 0 0
-3 -2 7 1 0 0 0 0
-3 -2 7 2 -4 -1 0 0
-3 -2 7 2 -3 -1 0 0
-3 -2 7 2 -3 0 0 0
-3 -2 7 2 -2 0 0 0
-3 -2 7 2 -1 0 0 0
-3 -2 7 2 0 0 0 0
-3 -2 7 3 -3 -1 0 0
-3 -2 7 3 -2 0 0 0
-3 -2 8 -4 0 0 0 0
-3 -2 8 -3 -2 1 0 0
-3 -2 8 -3 -1 0 0 0
-3 -2 8 -3 0 0 0 0
-3 -2 8 -2 -3 1 0 0
-3 -2 8 -2 -2 0 0 0
-3 -2 8 -2 -1 0 0 0
-3 -2 8 -2 0 0 0 0
-3 -2 8 -1 -5 2 0 0
-3 -2 8 -1 -4 1 0 0
-3 -2 8 -1 -3 0 0 0
-3 -2 8 -1 -2 0 0 0
-3 -2 8 -1 -1 0 0 0
-3 -2 8 -1 0 0 0 0
-3 -2 8 0 -6 1 1 0
-3 -2 8 0 -5 1 0 0
-3 -2 8 0 -4 0 0 0
-3 -2 8 0 -4 1 0 0
-3 -2 8 0 -3 0 0 0
-3 -2 8 0 -2 0 0 0
-3 -2 8 0 -1 0 0 0
-3 -2 8 0 0 0 0 0
-3 -2 8 1 -6 0 1 0
-3 -2 8 1 -5 0 0 0
-3 -2 8 1 -4 -1 0 0
-3 -2 8 1 -4 0 0 0
-3 -2 8 1 -4 1 0 0
-3 -2 8 1 -3 0 0 0
-3 -2 8 1 -2 0 0 0
-3 -2 8 2 -6 -1 1 0
-3 -2 8 2 -5 -2 0 0
-3 -2 8 2 -5 -1 0 0
-3 -2 8 2 -4 -1 0 0
-3 -2 8 2 -4 0 0 0
-3 -2 9 -6 1 0 0 0
-3 -2 9 -5 0 0 0 0
-3 -2 9 -4 -2 1 0 0
-3 -2 9 -4 -1 0 0 0
-3 -2 9 -4 0 0 0 0
-3 -2 9 -3 -4 2 0 0
-3 -2 9 -3 -3 1 0 0
-3 -2 9 -3 -2 0 0 0
-3 -2 9 -3 -1 0 0 0
-3 -2 9 -3 0 0 0 0
-3 -2 9 -2 -6 3 0 0
-3 -2 9 -2 -5 2 0 0
-3 -2 9 -2 -4 1 0 0
-3 -2 9 -2 -3 0 0 0
-3 -2 9 -2 -3 1 0 0
-3 -2 9 -2 -2 0 0 0
-3 -2 9 -2 -1 0 0 0
-3 -2 9 -2 0 0 0 0
-3 -2 9 -1 -7 2 1 0
-3 -2 9 -1 -6 1 1 0
-3 -2 9 -1 -6 2 0 0
-3 -2 9 -1 -5 1 0 0
-3 -2 9 -1 -4 0 0 0
-3 -2 9 -1 -4 1 0 0
-3 -2 9 -1 -3 0 0 0
-3 -2 9 -1 -2 0 0 0
-3 -2 9 0 -8 1 2 0
-3 -2 9 0 -7 1 1 0
-3 -2 9 0 -6 0 0 0
-3 -2 9 0 -6 0 1 0
-3 -2 9 0 -6 1 0 0
-3 -2 9 0 -6 2 0 0
-3 -2 9 0 -5 -1 0 0
-3 -2 9 0 -5 0 0 0
-3 -2 9 0 -5 1 0 0
-3 -2 9 0 -4 -1 0 0
-3 -2 9 0 -4 0 0 0
-3 -2 9 1 -8 0 2 0
-3 -2 9 1 -7 -1 1 0
-3 -2 9 1 -7 0 1 0
-3 -2 9 1 -6 -2 0 0
-3 -2 9 1 -6 -1 0 0
-3 -2 10 -7 1 0 0 0
-3 -2 10 -6 -1 1 0 0
-3 -2 10 -6 0 0 0 0
-3 -2 10 -6 1 0 0 0
-3 -2 10 -5 -3 2 0 0
-3 -2 10 -5 -2 1 0 0
-3 -2 10 -5 -1 0 0 0
-3 -2 10 -5 0 0 0 0
-3 -2 10 -4 -6 5 -1 0
-3 -2 10 -4 -5 3 0 0
-3 -2 10 -4 -4 2 0 0
-3 -2 10 -4 -3 1 0 0
-3 -2 10 -4 -2 0 0 0
-3 -2 10 -4 -1 0 0 0
-3 -2 10 -4 0 0 0 0
-3 -2 10 -3 -7 4 0 0
-3 -2 10 -3 -6 2 1 0
-3 -2 10 -3 -6 3 0 0
-3 -2 10 -3 -5 2 0 0
-3 -2 10 -3 -4 1 0 0
-3 -2 10 -3 -3 0 0 0
-3 -2 10 -3 -3 1 0 0
-3 -2 10 -3 -2 0 0 0
-3 -2 10 -2 -9 4 2 -1
-3 -2 10 -2 -8 3 1 0
-3 -2 10 -2 -8 4 0 0
-3 -2 10 -2 -7 2 1 0
-3 -2 10 -2 -7 3 0 0
-3 -2 10 -2 -6 1 1 0
-3 -2 10 -2 -6 2 0 0
-3 -2 10 -2 -5 0 0 0
-3 -2 10 -2 -5 1 0 0
-3 -2 10 -2 -4 0 0 0
-3 -2 10 -1 -10 3 3 -1
-3 -2 10 -1 -9 2 2 0
-3 -2 10 -1 -8 1 2 0
-3 -2 10 -1 -8 2 0 0
-3 -2 10 -1 -8 2 1 0
-3 -2 10 -1 -8 3 0 0
-3 -2 10 -1 -7 0 1 0
-3 -2 10 -1 -7 1 0 0
-3 -2 10 -1 -7 1 1 0
-3 -2 10 -1 -6 -1 0 0
-3 -2 10 -1 -6 0 0 0
-3 -2 11 -9 2 0 0 0
-3 -2 11 -8 0 1 0 0
-3 -2 11 -8 1 0 0 0
-3 -2 11 -7 -2 2 0 0
-3 -2 11 -7 -1 1 0 0
-3 -2 11 -7 0 0 0 0
-3 -2 11 -7 1 0 0 0
-3 -2 11 -6 -5 5 -1 0
-3 -2 11 -6 -4 3 0 0
-3 -2 11 -6 -3 2 0 0
-3 -2 11 -6 -2 1 0 0
-3 -2 11 -6 -1 0 0 0
-3 -2 11 -5 -8 8 -2 0
-3 -2 11 -5 -7 6 -1 0
-3 -2 11 -5 -6 4 0 0
-3 -2 11 -5 -5 2 1 0
-3 -2 11 -5 -5 3 0 0
-3 -2 11 -5 -4 2 0 0
-3 -2 11 -5 -3 1 0 0
-3 -2 11 -5 -2 0 0 0
-3 -2 11 -4 -9 6 1 -1
-3 -2 11 -4 -9 7 -1 0
-3 -2 11 -4 -8 5 0 0
-3 -2 11 -4 -8 6 -1 0
-3 -2 11 -4 -7 3 1 0
-3 -2 11 -4 -7 4 0 0
-3 -2 11 -4 -6 2 1 0
-3 -2 11 -4 -6 3 0 0
-3 -2 11 -4 -5 1 0 0
-3 -2 11 -4 -5 2 0 0
-3 -2 11 -4 -4 0 0 0
-3 -2 11 -3 -11 6 3 -2
-3 -2 11 -3 -10 5 2 -1
-3 -2 11 -3 -10 6 0 0
-3 -2 11 -3 -9 4 1 0
-3 -2 11 -3 -9 4 2 -1
-3 -2 11 -3 -9 5 0 0
-3 -2 11 -3 -8 2 2 0
-3 -2 11 -3 -8 3 1 0
-3 -2 11 -3 -8 4 0 0
-3 -2 11 -3 -7 1 1 0
-3 -2 11 -3 -7 2 0 0
-3 -2 11 -2 -12 5 4 -2
-3 -2 11 -2 -11 4 2 0
-3 -2 11 -2 -11 4 3 -1
-3 -2 11 -2 -10 2 3 0
-3 -2 11 -2 -9 1 2 0
-3 -2 12 -11 3 0 0 0
-3 -2 12 -10 1 1 0 0
-3 -2 12 -10 2 0 0 0
-3 -2 12 -9 -2 4 -1 0
-3 -2 12 -9 -1 2 0 0
-3 -2 12 -9 0 1 0 0
-3 -2 12 -9 1 0 0 0
-3 -2 12 -8 -4 5 -1 0
-3 -2 12 -8 -3 3 0 0
-3 -2 12 -8 -2 2 0 0
-3 -2 12 -8 -1 1 0 0
-3 -2 12 -7 -7 8 -2 0
-3 -2 12 -7 -6 6 -1 0
-3 -2 12 -7 -5 4 0 0
-3 -2 12 -7 -5 5 -1 0
-3 -2 12 -7 -4 3 0 0
-3 -2 12 -7 -3 2 0 0
-3 -2 12 -6 -10 11 -3 0
-3 -2 12 -6 -9 8 0 -1
-3 -2 12 -6 -9 9 -2 0
-3 -2 12 -6 -8 6 1 -1
-3 -2 12 -6 -8 7 -1 0
-3 -2 12 -6 -7 5 0 0
-3 -2 12 -6 -7 6 -1 0
-3 -2 12 -6 -6 3 1 0
-3 -2 12 -6 -6 4 0 0
-3 -2 12 -5 -11 8 2 -2
-3 -2 12 -5 -11 9 0 -1
-3 -2 12 -5 -10 7 1 -1
-3 -2 12 -5 -10 8 -1 0
-3 -2 12 -5 -9 5 2 -1
-3 -2 12 -5 -9 6 0 0
-3 -2 12 -5 -8 3 2 0
-3 -2 12 -4 -13 8 4 -3
-3 -2 13 -13 4 0 0 0
-3 -2 13 -12 2 1 0 0
-3 -2 13 -12 3 0 0 0
-3 -2 13 -11 -1 4 -1 0
-3 -2 13 -11 0 2 0 0
-3 -2 13 -11 1 1 0 0
-3 -2 13 -10 -4 7 -2 0
-3 -2 13 -10 -3 5 -1 0
-3 -2 13 -10 -2 3 0 0
-3 -2 13 -10 -1 2 0 0
-3 -2 13 -9 -7 10 -3 0
-3 -2 13 -9 -6 7 0 -1
-3 -2 13 -9 -6 8 -2 0
-3 -2 13 -9 -5 6 -1 0
-3 -2 13 -9 -4 4 0 0
-3 -2 13 -8 -10 13 -4 0
-3 -2 13 -8 -9 10 -1 -1
-3 -2 13 -8 -9 11 -3 0
-3 -2 13 -8 -8 8 0 -1
-3 -2 13 -7 -11 10 1 -2
-3 -2 14 -16 7 -1 0 0
-3 -2 14 -15 5 0 0 0
-3 -2 14 -14 2 3 -1 0
-3 -2 14 -14 3 1 0 0
-3 -2 14 -13 -1 6 -2 0
-3 -2 14 -13 0 4 -1 0
-3 -2 14 -13 1 2 0 0
-3 -2 14 -12 -4 9 -3 0
-3 -2 14 -11 -8 15 -7 1
-3 -2 14 -11 -7 12 -4 0
-3 -2 15 -18 8 -1 0 0
-3 -2 15 -17 5 2 -1 0
-3 -2 15 -17 6 0 0 0
-3 -2 15 -16 2 5 -2 0
-3 -2 16 -21 11 -2 0 0
-3 -2 15 -13 -9 20 -11 2
-3 -2 13 -9 -4 4 0 0
-3 -2 16 -20 9 -1 0 0
-3 -2 14 -10 -8 9 1 -2
-3 -2 12 -4 -11 5 3 -1
-3 -2 15 -15 -2 11 -6 1
-3 -2 13 -9 -4 4 0 0
-3 -2 15 -13 -9 20 -11 2
-3 -2 13 -7 -11 11 -1 -1
-3 -2 11 -3 -7 2 0 0
-3 -2 14 -10 -8 9 1 -2
-3 -2 12 -4 -11 5 3 -1
-3 -2 14 -10 -11 18 -8 1
-3 -2 12 -4 -11 5 3 -1
-3 -2 14 -10 -8 9 1 -2
-3 -2 15 -13 -9 20 -11 2
-3 -2 13 -7 -11 11 -1 -1
-3 -2 15 -15 -2 11 -6 1
-3 -2 13 -9 -4 4 0 0
-3 -2 14 -10 -8 9 1 -2
-3 -2 16 -20 9 -1 0 0
-3 -2 14 -10 -8 9 1 -2
-3 -2 15 -13 -9 20 -11 2
-3 -2 13 -9 -4 4 0 0
-3 -2 16 -20 9 -1 0 0
-3 -2 14 -10 -8 9 1 -2
-3 -2 12 -4 -11 5 3 -1
-3 -2 13 -9 -4 4 0 0
-3 -2 15 -13 -9 20 -11 2
-3 -2 13 -7 -11 11 -1 -1
-3 -2 14 -10 -11 18 -8 1
-3 -2 14 -10 -8 9 1 -2
-3 -2 15 -15 -2 11 -6 1
