-4 -4 18 -12 0 1 0 0
-4 -4 18 -8 0 0 0 0
-4 -4 19 -11 -5 4 0 0
-4 -4 20 -12 0 0 0 0
-4 -4 21 -6 -7 0 0 0
-4 -4 22 -12 -16 17 -4 0
-4 -4 30 -32 8 1 0 0
-4 -4 32 -42 12 12 -8 1
-4 -4 33 -46 23 -3 0 0
-4 -4 34 -52 32 -7 0 0
-4 -4 31 -31 -15 37 -16 1
-4 -4 31 -31 -15 37 -16 1
-4 -4 18 -12 0 1 0 0
-4 -4 32 -42 12 12 -8 1
-4 -4 30 -32 8 1 0 0
-4 -4 30 -32 8 1 0 0
-4 -4 18 -12 0 1 0 0
-4 -4 21 -6 -7 0 0 0
-4 -4 21 -6 -7 0 0 0
-4 -4 34 -52 32 -7 0 0
-4 -4 20 -12 0 0 0 0
-4 -4 22 -12 -16 17 -4 0
-4 -4 22 -12 -16 17 -4 0
-4 -4 34 -52 32 -7 0 0
