-2 -4 0 0 0 0 0 0
-2 -4 2 1 0 0 0 0
-2 -4 2 2 0 0 0 0
-2 -4 2 3 0 0 0 0
-2 -4 2 4 1 0 0 0
-2 -4 3 0 0 0 0 0
-2 -4 3 1 0 0 0 0
-2 -4 3 2 -1 0 0 0
-2 -4 3 2 0 0 0 0
-2 -4 3 3 -1 0 0 0
-2 -4 3 3 0 0 0 0
-2 -4 3 4 -1 -1 0 0
-2 -4 3 4 0 0 0 0
-2 -4 3 5 1 0 0 0
-2 -4 4 0 0 0 0 0
-2 -4 4 1 -1 0 0 0
-2 -4 4 1 0 0 0 0
-2 -4 4 2 -1 0 0 0
-2 -4 4 2 0 0 0 0
-2 -4 4 3 -2 0 0 0
-2 -4 4 3 -1 0 0 0
-2 -4 4 3 0 0 0 0
-2 -4 4 4 -2 -1 0 0
-2 -4 4 4 -1 0 0 0
-2 -4 4 4 0 0 0 0
-2 -4 4 5 -2 -2 0 0
-2 -4 4 5 -1 -1 0 0
-2 -4 4 5 0 0 0 0
-2 -4 4 5 1 0 0 0
-2 -4 4 6 0 -1 0 0
-2 -4 4 6 1 0 0 0
-2 -4 5 -1 0 0 0 0
-2 -4 5 0 0 0 0 0
-2 -4 5 1 -1 0 0 0
-2 -4 5 1 0 0 0 0
-2 -4 5 2 -2 0 0 0
-2 -4 5 2 -1 0 0 0
-2 -4 5 2 0 0 0 0
-2 -4 5 3 -3 0 0 0
-2 -4 5 3 -2 0 0 0
-2 -4 5 3 -1 0 0 0
-2 -4 5 3 0 0 0 0
-2 -4 5 4 -3 -1 0 0
-2 -4 5 4 -2 -1 0 0
-2 -4 5 4 -2 0 0 0
-2 -4 5 4 -1 0 0 0
-2 -4 5 4 0 0 0 0
-2 -4 5 5 -3 -2 0 0
-2 -4 5 5 -2 -1 0 0
-2 -4 5 5 -1 -1 0 0
-2 -4 5 5 -1 0 0 0
-2 -4 5 5 0 0 0 0
-2 -4 5 6 -2 -2 0 0
-2 -4 5 6 -1 -1 0 0
-2 -4 6 -1 0 0 0 0
-2 -4 6 0 -1 0 0 0
-2 -4 6 0 0 0 0 0
-2 -4 6 1 -2 0 0 0
-2 -4 6 1 -1 0 0 0
-2 -4 6 1 0 0 0 0
-2 -4 6 2 -4 1 0 0
-2 -4 6 2 -3 0 0 0
-2 -4 6 2 -2 0 0 0
-2 -4 6 2 -1 0 0 0
-2 -4 6 2 0 0 0 0
-2 -4 6 3 -4 0 0 0
-2 -4 6 3 -3 -1 0 0
-2 -4 6 3 -3 0 0 0
-2 -4 6 3 -2 0 0 0
-2 -4 6 3 -1 0 0 0
-2 -4 6 3 0 0 0 0
-2 -4 6 4 -5 -1 1 0
-2 -4 6 4 -4 -1 0 0
-2 -4 6 4 -4 0 0 0
-2 -4 6 4 -3 -1 0 0
-2 -4 6 4 -3 0 0 0
-2 -4 6 4 -2 -1 0 0
-2 -4 6 4 -2 0 0 0
-2 -4 6 4 -1 0 0 0
-2 -4 6 5 -5 -2 1 0
-2 -4 6 5 -4 -2 0 0
-2 -4 6 5 -3 -2 0 0
-2 -4 6 5 -3 -1 0 0
-2 -4 6 5 -2 -1 0 0
-2 -4 6 6 -4 -3 0 0
-2 -4 7 -2 0 0 0 0
-2 -4 7 -1 -1 0 0 0
-2 -4 7 -1 0 0 0 0
-2 -4 7 0 -2 0 0 0
-2 -4 7 0 -1 0 0 0
-2 -4 7 0 0 0 0 0
-2 -4 7 1 -4 1 0 0
-2 -4 7 1 -3 0 0 0
-2 -4 7 1 -2 0 0 0
-2 -4 7 1 -1 0 0 0
-2 -4 7 1 0 0 0 0
-2 -4 7 2 -6 2 0 0
-2 -4 7 2 -5 1 0 0
-2 -4 7 2 -4 0 0 0
-2 -4 7 2 -3 -1 0 0
-2 -4 7 2 -3 0 0 0
-2 -4 7 2 -2 0 0 0
-2 -4 7 2 -1 0 0 0
-2 -4 7 3 -6 0 1 0
-2 -4 7 3 -6 1 0 0
-2 -4 7 3 -5 0 0 0
-2 -4 7 3 -5 1 0 0
-2 -4 7 3 -4 -1 0 0
-2 -4 7 3 -4 0 0 0
-2 -4 7 3 -3 -1 0 0
-2 -4 7 3 -3 0 0 0
-2 -4 7 4 -7 -1 2 0
-2 -4 7 4 -6 -1 1 0
-2 -4 7 4 -6 0 0 0
-2 -4 7 4 -5 -1 0 0
-2 -4 7 4 -5 -1 1 0
-2 -4 7 4 -5 0 0 0
-2 -4 7 4 -4 -2 0 0
-2 -4 7 4 -4 -1 0 0
-2 -4 7 5 -7 -2 2 0
-2 -4 7 5 -6 -2 0 0
-2 -4 7 5 -6 -2 1 0
-2 -4 7 5 -5 -3 0 0
-2 -4 8 -3 0 0 0 0
-2 -4 8 -2 -1 0 0 0
-2 -4 8 -2 0 0 0 0
-2 -4 8 -1 -3 1 0 0
-2 -4 8 -1 -2 0 0 0
-2 -4 8 -1 -1 0 0 0
-2 -4 8 -1 0 0 0 0
-2 -4 8 0 -4 1 0 0
-2 -4 8 0 -3 0 0 0
-2 -4 8 0 -2 0 0 0
-2 -4 8 0 -1 0 0 0
-2 -4 8 0 0 0 0 0
-2 -4 8 1 -6 2 0 0
-2 -4 8 1 -5 1 0 0
-2 -4 8 1 -4 0 0 0
-2 -4 8 1 -4 1 0 0
-2 -4 8 1 -3 0 0 0
-2 -4 8 2 -8 3 0 0
-2 -4 8 2 -7 1 1 0
-2 -4 8 2 -7 2 0 0
-2 -4 8 2 -6 0 1 0
-2 -4 8 2 -6 1 0 0
-2 -4 8 2 -5 0 0 0
-2 -4 8 2 -5 1 0 0
-2 -4 8 2 -4 -1 0 0
-2 -4 8 2 -4 0 0 0
-2 -4 8 3 -9 1 3 -1
-2 -4 8 3 -8 0 2 0
-2 -4 8 3 -8 1 1 0
-2 -4 8 3 -8 2 0 0
-2 -4 8 3 -7 0 1 0
-2 -4 8 3 -7 1 0 0
-2 -4 8 3 -6 -1 1 0
-2 -4 8 3 -6 0 0 0
-2 -4 8 3 -5 -2 0 0
-2 -4 8 4 -10 0 4 -1
-2 -4 8 4 -9 -1 3 0
-2 -4 8 4 -8 -1 2 0
-2 -4 9 -4 0 0 0 0
-2 -4 9 -3 -1 0 0 0
-2 -4 9 -3 0 0 0 0
-2 -4 9 -2 -3 1 0 0
-2 -4 9 -2 -2 0 0 0
-2 -4 9 -2 -1 0 0 0
-2 -4 9 -1 -5 2 0 0
-2 -4 9 -1 -4 1 0 0
-2 -4 9 -1 -3 0 0 0
-2 -4 9 0 -7 3 0 0
-2 -4 9 0 -6 1 1 0
-2 -4 9 0 -6 2 0 0
-2 -4 9 0 -5 1 0 0
-2 -4 9 0 -4 0 0 0
-2 -4 9 1 -9 4 0 0
-2 -4 9 1 -8 2 1 0
-2 -4 9 1 -8 3 0 0
-2 -4 9 1 -7 1 1 0
-2 -4 9 1 -7 2 0 0
-2 -4 9 2 -11 4 2 -1
-2 -4 9 2 -10 2 3 -1
-2 -4 9 2 -10 3 1 0
-2 -4 9 2 -9 1 2 0
-2 -4 10 -6 1 0 0 0
-2 -4 10 -5 0 0 0 0
-2 -4 10 -4 -2 1 0 0
-2 -4 10 -4 -1 0 0 0
-2 -4 10 -3 -4 2 0 0
-2 -4 10 -3 -3 1 0 0
-2 -4 10 -3 -2 0 0 0
-2 -4 10 -2 -6 3 0 0
-2 -4 10 -2 -5 2 0 0
-2 -4 10 -1 -9 6 -1 0
-2 -4 10 -1 -8 4 0 0
-2 -4 11 -7 1 0 0 0
-2 -4 11 -6 -1 1 0 0
-2 -4 11 -6 0 0 0 0
-2 -4 11 -5 -3 2 0 0
-2 -4 12 -9 2 0 0 0
