-4 -2 14 -12 3 0 0 0
-4 -2 14 -11 2 0 0 0
-4 -2 15 -13 3 0 0 0
-4 -2 15 -12 1 1 0 0
-4 -2 15 -12 2 0 0 0
-4 -2 15 -11 -1 2 0 0
-4 -2 15 -11 0 1 0 0
-4 -2 15 -11 1 0 0 0
-4 -2 15 -11 2 0 0 0
-4 -2 15 -10 0 0 0 0
-4 -2 15 -10 1 0 0 0
-4 -2 16 -15 4 0 0 0
-4 -2 16 -14 2 1 0 0
-4 -2 16 -14 3 0 0 0
-4 -2 16 -13 -1 4 -1 0
-4 -2 16 -13 0 2 0 0
-4 -2 16 -13 1 1 0 0
-4 -2 16 -13 2 0 0 0
-4 -2 16 -12 -3 5 -1 0
-4 -2 16 -12 -2 3 0 0
-4 -2 16 -12 -1 2 0 0
-4 -2 16 -12 0 1 0 0
-4 -2 16 -12 1 0 0 0
-4 -2 16 -12 2 0 0 0
-4 -2 16 -11 -4 4 0 0
-4 -2 16 -11 -3 3 0 0
-4 -2 16 -11 -2 2 0 0
-4 -2 16 -11 -1 1 0 0
-4 -2 16 -11 0 0 0 0
-4 -2 16 -11 0 1 0 0
-4 -2 16 -11 1 0 0 0
-4 -2 16 -11 2 0 0 0
-4 -2 16 -10 -3 2 0 0
-4 -2 16 -10 -2 1 0 0
-4 -2 16 -10 -1 0 0 0
-4 -2 16 -10 -1 1 0 0
-4 -2 16 -10 0 0 0 0
-4 -2 16 -10 1 0 0 0
-4 -2 16 -9 -2 0 0 0
-4 -2 16 -9 -1 0 0 0
-4 -2 16 -9 0 0 0 0
-4 -2 16 -9 1 0 0 0
-4 -2 16 -8 0 0 0 0
-4 -2 16 -8 1 0 0 0
-4 -2 17 -17 5 0 0 0
-4 -2 17 -16 3 1 0 0
-4 -2 17 -16 4 0 0 0
-4 -2 17 -15 0 4 -1 0
-4 -2 17 -15 1 2 0 0
-4 -2 17 -15 2 1 0 0
-4 -2 17 -15 3 0 0 0
-4 -2 17 -14 -2 5 -1 0
-4 -2 17 -14 -1 3 0 0
-4 -2 17 -14 0 2 0 0
-4 -2 17 -14 1 1 0 0
-4 -2 17 -14 2 0 0 0
-4 -2 17 -14 3 0 0 0
-4 -2 17 -13 -5 8 -2 0
-4 -2 17 -13 -4 6 -1 0
-4 -2 17 -13 -3 4 0 0
-4 -2 17 -13 -3 5 -1 0
-4 -2 17 -13 -2 3 0 0
-4 -2 17 -13 -1 2 0 0
-4 -2 17 -13 0 1 0 0
-4 -2 17 -13 1 0 0 0
-4 -2 17 -13 2 0 0 0
-4 -2 17 -12 -7 9 -2 0
-4 -2 17 -12 -6 7 -1 0
-4 -2 17 -12 -5 5 0 0
-4 -2 17 -12 -5 6 -1 0
-4 -2 17 -12 -4 4 0 0
-4 -2 17 -12 -3 3 0 0
-4 -2 17 -12 -2 2 0 0
-4 -2 17 -12 -1 0 0 0
-4 -2 17 -12 -1 1 0 0
-4 -2 17 -12 0 0 0 0
-4 -2 17 -12 0 1 0 0
-4 -2 17 -12 1 0 0 0
-4 -2 17 -12 2 0 0 0
-4 -2 17 -11 -7 6 0 0
-4 -2 17 -11 -6 4 1 0
-4 -2 17 -11 -6 5 0 0
-4 -2 17 -11 -6 6 -1 0
-4 -2 17 -11 -5 4 0 0
-4 -2 17 -11 -4 3 0 0
-4 -2 17 -11 -3 1 0 0
-4 -2 17 -11 -3 2 0 0
-4 -2 17 -11 -2 0 0 0
-4 -2 17 -11 -2 1 0 0
-4 -2 17 -11 -2 2 0 0
-4 -2 17 -11 -1 0 0 0
-4 -2 17 -11 -1 1 0 0
-4 -2 17 -11 0 0 0 0
-4 -2 17 -11 1 0 0 0
-4 -2 17 -10 -6 3 1 0
-4 -2 17 -10 -6 4 0 0
-4 -2 17 -10 -5 2 0 0
-4 -2 17 -10 -5 3 0 0
-4 -2 17 -10 -4 1 0 0
-4 -2 17 -10 -4 2 0 0
-4 -2 17 -10 -3 0 0 0
-4 -2 17 -10 -3 1 0 0
-4 -2 17 -10 -3 2 0 0
-4 -2 17 -10 -2 0 0 0
-4 -2 17 -10 -2 1 0 0
-4 -2 17 -10 -1 0 0 0
-4 -2 17 -10 -1 1 0 0
-4 -2 17 -10 0 0 0 0
-4 -2 17 -10 1 0 0 0
-4 -2 17 -9 -5 0 0 0
-4 -2 17 -9 -5 1 0 0
-4 -2 17 -9 -5 2 0 0
-4 -2 17 -9 -4 0 0 0
-4 -2 17 -9 -4 1 0 0
-4 -2 17 -9 -4 2 0 0
-4 -2 17 -9 -3 0 0 0
-4 -2 17 -9 -3 1 0 0
-4 -2 17 -9 -2 0 0 0
-4 -2 17 -9 -2 1 0 0
-4 -2 17 -9 -1 0 0 0
-4 -2 17 -9 0 0 0 0
-4 -2 17 -9 1 0 0 0
-4 -2 17 -8 -4 0 0 0
-4 -2 17 -8 -3 0 0 0
-4 -2 17 -8 -3 1 0 0
-4 -2 17 -8 -2 0 0 0
-4 -2 17 -8 -2 1 0 0
-4 -2 17 -8 -1 0 0 0
-4 -2 17 -8 0 0 0 0
-4 -2 17 -7 -2 0 0 0
-4 -2 17 -7 -1 0 0 0
-4 -2 17 -7 0 0 0 0
-4 -2 17 -6 0 0 0 0
-4 -2 18 -20 8 -1 0 0
-4 -2 18 -19 6 0 0 0
-4 -2 18 -18 3 3 -1 0
-4 -2 18 -18 4 1 0 0
-4 -2 18 -18 5 0 0 0
-4 -2 18 -17 1 4 -1 0
-4 -2 18 -17 2 2 0 0
-4 -2 18 -17 3 1 0 0
-4 -2 18 -17 4 0 0 0
-4 -2 18 -16 -2 7 -2 0
-4 -2 18 -16 -1 5 -1 0
-4 -2 18 -16 0 3 0 0
-4 -2 18 -16 0 4 -1 0
-4 -2 18 -16 1 2 0 0
-4 -2 18 -16 2 1 0 0
-4 -2 18 -16 3 0 0 0
-4 -2 18 -16 4 0 0 0
-4 -2 18 -15 -5 10 -3 0
-4 -2 18 -15 -4 8 -2 0
-4 -2 18 -15 -3 6 -1 0
-4 -2 18 -15 -2 4 0 0
-4 -2 18 -15 -2 5 -1 0
-4 -2 18 -15 -1 3 0 0
-4 -2 18 -15 0 2 0 0
-4 -2 18 -15 1 1 0 0
-4 -2 18 -15 2 0 0 0
-4 -2 18 -15 3 0 0 0
-4 -2 18 -14 -9 16 -7 1
-4 -2 18 -14 -7 11 -3 0
-4 -2 18 -14 -6 8 0 -1
-4 -2 18 -14 -6 9 -2 0
-4 -2 18 -14 -5 7 -1 0
-4 -2 18 -14 -5 8 -2 0
-4 -2 18 -14 -4 5 0 0
-4 -2 18 -14 -4 6 -1 0
-4 -2 18 -14 -3 4 0 0
-4 -2 18 -14 -3 5 -1 0
-4 -2 18 -14 -2 3 0 0
-4 -2 18 -14 -1 2 0 0
-4 -2 18 -14 0 0 0 0
-4 -2 18 -14 0 1 0 0
-4 -2 18 -14 1 0 0 0
-4 -2 18 -14 1 1 0 0
-4 -2 18 -14 2 0 0 0
-4 -2 18 -13 -10 14 -4 0
-4 -2 18 -13 -9 11 -1 -1
-4 -2 18 -13 -9 12 -3 0
-4 -2 18 -13 -8 9 0 -1
-4 -2 18 -13 -8 10 -2 0
-4 -2 18 -13 -7 8 -1 0
-4 -2 18 -13 -7 9 -2 0
-4 -2 18 -13 -6 6 0 0
-4 -2 18 -13 -6 7 -1 0
-4 -2 18 -13 -5 4 1 0
-4 -2 18 -13 -5 5 0 0
-4 -2 18 -13 -5 6 -1 0
-4 -2 18 -13 -4 4 0 0
-4 -2 18 -13 -3 2 0 0
-4 -2 18 -13 -3 3 0 0
-4 -2 18 -13 -2 1 0 0
-4 -2 18 -13 -2 2 0 0
-4 -2 18 -13 -1 0 0 0
-4 -2 18 -13 -1 1 0 0
-4 -2 18 -13 0 0 0 0
-4 -2 18 -13 0 1 0 0
-4 -2 18 -13 1 0 0 0
-4 -2 18 -13 2 0 0 0
-4 -2 18 -12 -11 11 1 -2
-4 -2 18 -12 -10 10 0 -1
-4 -2 18 -12 -10 11 -2 0
-4 -2 18 -12 -9 8 1 -1
-4 -2 18 -12 -9 9 -1 0
-4 -2 18 -12 -9 10 -2 0
-4 -2 18 -12 -8 7 0 0
-4 -2 18 -12 -8 8 -1 0
-4 -2 18 -12 -8 9 -2 0
-4 -2 18 -12 -7 5 1 0
-4 -2 18 -12 -7 6 0 0
-4 -2 18 -12 -7 7 -1 0
-4 -2 18 -12 -6 4 1 0
-4 -2 18 -12 -6 5 0 0
-4 -2 18 -12 -6 6 -1 0
-4 -2 18 -12 -5 3 0 0
-4 -2 18 -12 -5 4 0 0
-4 -2 18 -12 -4 2 0 0
-4 -2 18 -12 -4 3 0 0
-4 -2 18 -12 -4 5 -1 0
-4 -2 18 -12 -3 0 0 0
-4 -2 18 -12 -3 1 0 0
-4 -2 18 -12 -3 2 0 0
-4 -2 18 -12 -2 0 0 0
-4 -2 18 -12 -2 1 0 0
-4 -2 18 -12 -2 2 0 0
-4 -2 18 -12 -1 0 0 0
-4 -2 18 -12 -1 1 0 0
-4 -2 18 -12 0 0 0 0
-4 -2 18 -12 1 0 0 0
-4 -2 18 -12 2 0 0 0
-4 -2 18 -11 -10 8 0 0
-4 -2 18 -11 -10 8 1 -1
-4 -2 18 -11 -9 5 2 0
-4 -2 18 -11 -9 6 1 0
-4 -2 18 -11 -9 7 0 0
-4 -2 18 -11 -9 8 -1 0
-4 -2 18 -11 -8 5 1 0
-4 -2 18 -11 -8 6 0 0
-4 -2 18 -11 -8 7 -1 0
-4 -2 18 -11 -7 3 1 0
-4 -2 18 -11 -7 4 0 0
-4 -2 18 -11 -7 4 1 0
-4 -2 18 -11 -7 5 0 0
-4 -2 18 -11 -7 6 -1 0
-4 -2 18 -11 -6 3 0 0
-4 -2 18 -11 -6 3 1 0
-4 -2 18 -11 -6 4 0 0
-4 -2 18 -11 -5 1 0 0
-4 -2 18 -11 -5 2 0 0
-4 -2 18 -11 -5 3 0 0
-4 -2 18 -11 -4 0 0 0
-4 -2 18 -11 -4 1 0 0
-4 -2 18 -11 -4 2 0 0
-4 -2 18 -11 -4 3 0 0
-4 -2 18 -11 -3 0 0 0
-4 -2 18 -11 -3 1 0 0
-4 -2 18 -11 -3 2 0 0
-4 -2 18 -11 -2 0 0 0
-4 -2 18 -11 -2 1 0 0
-4 -2 18 -11 -1 0 0 0
-4 -2 18 -11 -1 1 0 0
-4 -2 18 -11 0 0 0 0
-4 -2 18 -11 1 0 0 0
-4 -2 18 -10 -10 5 2 0
-4 -2 18 -10 -9 4 1 0
-4 -2 18 -10 -9 5 0 0
-4 -2 18 -10 -9 5 1 0
-4 -2 18 -10 -9 6 0 0
-4 -2 18 -10 -8 3 0 0
-4 -2 18 -10 -8 3 1 0
-4 -2 18 -10 -8 4 0 0
-4 -2 18 -10 -8 4 1 0
-4 -2 18 -10 -8 5 0 0
-4 -2 18 -10 -7 2 0 0
-4 -2 18 -10 -7 3 0 0
-4 -2 18 -10 -7 3 1 0
-4 -2 18 -10 -7 4 0 0
-4 -2 18 -10 -7 6 -1 0
-4 -2 18 -10 -6 0 0 0
-4 -2 18 -10 -6 1 0 0
-4 -2 18 -10 -6 2 0 0
-4 -2 18 -10 -6 3 0 0
-4 -2 18 -10 -5 0 0 0
-4 -2 18 -10 -5 1 0 0
-4 -2 18 -10 -5 2 0 0
-4 -2 18 -10 -5 3 0 0
-4 -2 18 -10 -4 0 0 0
-4 -2 18 -10 -4 1 0 0
-4 -2 18 -10 -4 2 0 0
-4 -2 18 -10 -3 0 0 0
-4 -2 18 -10 -3 1 0 0
-4 -2 18 -10 -3 2 0 0
-4 -2 18 -10 -2 0 0 0
-4 -2 18 -10 -2 1 0 0
-4 -2 18 -10 -1 0 0 0
-4 -2 18 -10 0 0 0 0
-4 -2 18 -10 1 0 0 0
-4 -2 18 -9 -9 2 0 0
-4 -2 18 -9 -9 2 1 0
-4 -2 18 -9 -8 1 0 0
-4 -2 18 -9 -8 2 0 0
-4 -2 18 -9 -8 2 1 0
-4 -2 18 -9 -8 3 0 0
-4 -2 18 -9 -8 3 1 0
-4 -2 18 -9 -8 4 0 0
-4 -2 18 -9 -7 0 0 0
-4 -2 18 -9 -7 1 0 0
-4 -2 18 -9 -7 2 0 0
-4 -2 18 -9 -7 3 0 0
-4 -2 18 -9 -7 4 0 0
-4 -2 18 -9 -6 0 0 0
-4 -2 18 -9 -6 1 0 0
-4 -2 18 -9 -6 2 0 0
-4 -2 18 -9 -6 3 0 0
-4 -2 18 -9 -5 0 0 0
-4 -2 18 -9 -5 1 0 0
-4 -2 18 -9 -5 2 0 0
-4 -2 18 -9 -4 0 0 0
-4 -2 18 -9 -4 1 0 0
-4 -2 18 -9 -4 2 0 0
-4 -2 18 -9 -3 0 0 0
-4 -2 18 -9 -3 1 0 0
-4 -2 18 -9 -2 0 0 0
-4 -2 18 -9 -2 1 0 0
-4 -2 18 -9 -1 0 0 0
-4 -2 18 -9 0 0 0 0
-4 -2 18 -8 -8 -1 0 0
-4 -2 18 -8 -8 0 0 0
-4 -2 18 -8 -7 0 0 0
-4 -2 18 -8 -7 1 0 0
-4 -2 18 -8 -7 2 0 0
-4 -2 18 -8 -6 0 0 0
-4 -2 18 -8 -6 1 0 0
-4 -2 18 -8 -6 2 0 0
-4 -2 18 -8 -6 3 0 0
-4 -2 18 -8 -5 0 0 0
-4 -2 18 -8 -5 1 0 0
-4 -2 18 -8 -5 2 0 0
-4 -2 18 -8 -4 0 0 0
-4 -2 18 -8 -4 1 0 0
-4 -2 18 -8 -3 0 0 0
-4 -2 18 -7 -6 0 0 0
-4 -2 19 -22 9 -1 0 0
-4 -2 19 -21 7 0 0 0
-4 -2 19 -20 4 3 -1 0
-4 -2 19 -20 5 1 0 0
-4 -2 19 -20 6 0 0 0
-4 -2 19 -19 1 6 -2 0
-4 -2 19 -19 2 4 -1 0
-4 -2 19 -19 3 2 0 0
-4 -2 19 -19 4 1 0 0
-4 -2 19 -19 5 0 0 0
-4 -2 19 -18 -1 7 -2 0
-4 -2 19 -18 0 5 -1 0
-4 -2 19 -18 1 3 0 0
-4 -2 19 -18 1 4 -1 0
-4 -2 19 -18 2 2 0 0
-4 -2 19 -18 3 1 0 0
-4 -2 19 -18 4 0 0 0
-4 -2 19 -17 -4 10 -3 0
-4 -2 19 -17 -3 8 -2 0
-4 -2 19 -17 -2 6 -1 0
-4 -2 19 -17 -1 4 0 0
-4 -2 19 -17 -1 5 -1 0
-4 -2 19 -17 0 3 0 0
-4 -2 19 -17 1 2 0 0
-4 -2 19 -17 2 1 0 0
-4 -2 19 -17 3 0 0 0
-4 -2 19 -17 4 0 0 0
-4 -2 19 -16 -7 13 -4 0
-4 -2 19 -16 -6 10 -1 -1
-4 -2 19 -16 -6 11 -3 0
-4 -2 19 -16 -5 8 0 -1
-4 -2 19 -16 -5 9 -2 0
-4 -2 19 -16 -4 7 -1 0
-4 -2 19 -16 -4 8 -2 0
-4 -2 19 -16 -3 5 0 0
-4 -2 19 -16 -3 6 -1 0
-4 -2 19 -16 -2 4 0 0
-4 -2 19 -16 -2 5 -1 0
-4 -2 19 -16 -1 3 0 0
-4 -2 19 -16 0 1 0 0
-4 -2 19 -16 0 2 0 0
-4 -2 19 -16 1 0 0 0
-4 -2 19 -16 1 1 0 0
-4 -2 19 -16 2 0 0 0
-4 -2 19 -16 3 0 0 0
-4 -2 19 -15 -11 19 -8 1
-4 -2 19 -15 -10 16 -5 0
-4 -2 19 -15 -9 13 -2 -1
-4 -2 19 -15 -9 14 -4 0
-4 -2 19 -15 -8 11 -1 -1
-4 -2 19 -15 -8 12 -3 0
-4 -2 19 -15 -7 9 0 -1
-4 -2 19 -15 -7 10 -2 0
-4 -2 19 -15 -6 8 -1 0
-4 -2 19 -15 -6 9 -2 0
-4 -2 19 -15 -5 6 0 0
-4 -2 19 -15 -5 7 -1 0
-4 -2 19 -15 -4 4 1 0
-4 -2 19 -15 -4 5 0 0
-4 -2 19 -15 -4 6 -1 0
-4 -2 19 -15 -3 4 0 0
-4 -2 19 -15 -3 5 -1 0
-4 -2 19 -15 -2 2 0 0
-4 -2 19 -15 -2 3 0 0
-4 -2 19 -15 -1 1 0 0
-4 -2 19 -15 -1 2 0 0
-4 -2 19 -15 0 0 0 0
-4 -2 19 -15 0 1 0 0
-4 -2 19 -15 1 0 0 0
-4 -2 19 -15 1 1 0 0
-4 -2 19 -15 2 0 0 0
-4 -2 19 -15 3 0 0 0
-4 -2 19 -14 -13 19 -6 0
-4 -2 19 -14 -12 16 -3 -1
-4 -2 19 -14 -12 17 -5 0
-4 -2 19 -14 -11 13 0 -2
-4 -2 19 -14 -11 14 -2 -1
-4 -2 19 -14 -11 15 -4 0
-4 -2 19 -14 -10 11 1 -2
-4 -2 19 -14 -10 12 -1 -1
-4 -2 19 -14 -10 13 -3 0
-4 -2 19 -14 -9 10 0 -1
-4 -2 19 -14 -9 11 -2 0
-4 -2 19 -14 -9 12 -3 0
-4 -2 19 -14 -8 8 1 -1
-4 -2 19 -14 -8 9 -1 0
-4 -2 19 -14 -8 10 -2 0
-4 -2 19 -14 -7 6 1 0
-4 -2 19 -14 -7 7 0 0
-4 -2 19 -14 -7 8 -1 0
-4 -2 19 -14 -7 9 -2 0
-4 -2 19 -14 -6 5 1 0
-4 -2 19 -14 -6 6 0 0
-4 -2 19 -14 -6 7 -1 0
-4 -2 19 -14 -5 4 0 0
-4 -2 19 -14 -5 4 1 0
-4 -2 19 -14 -5 5 0 0
-4 -2 19 -14 -5 6 -1 0
-4 -2 19 -14 -4 3 0 0
-4 -2 19 -14 -4 4 0 0
-4 -2 19 -14 -3 1 0 0
-4 -2 19 -14 -3 2 0 0
-4 -2 19 -14 -3 3 0 0
-4 -2 19 -14 -2 0 0 0
-4 -2 19 -14 -2 1 0 0
-4 -2 19 -14 -2 2 0 0
-4 -2 19 -14 -1 0 0 0
-4 -2 19 -14 -1 1 0 0
-4 -2 19 -14 -1 2 0 0
-4 -2 19 -14 0 0 0 0
-4 -2 19 -14 0 1 0 0
-4 -2 19 -14 1 0 0 0
-4 -2 19 -14 2 0 0 0
-4 -2 19 -13 -14 16 -1 -2
-4 -2 19 -13 -13 13 2 -3
-4 -2 19 -13 -13 14 0 -2
-4 -2 19 -13 -13 15 -2 -1
-4 -2 19 -13 -13 16 -4 0
-4 -2 19 -13 -12 12 1 -2
-4 -2 19 -13 -12 13 -1 -1
-4 -2 19 -13 -12 14 -3 0
-4 -2 19 -13 -12 15 -4 0
-4 -2 19 -13 -11 11 0 -1
-4 -2 19 -13 -11 12 -2 0
-4 -2 19 -13 -11 13 -3 0
-4 -2 19 -13 -10 9 0 0
-4 -2 19 -13 -10 9 1 -1
-4 -2 19 -13 -10 10 -1 0
-4 -2 19 -13 -10 10 0 -1
-4 -2 19 -13 -10 11 -2 0
-4 -2 19 -13 -9 7 1 0
-4 -2 19 -13 -9 8 0 0
-4 -2 19 -13 -9 8 1 -1
-4 -2 19 -13 -9 9 -1 0
-4 -2 19 -13 -9 10 -2 0
-4 -2 19 -13 -8 6 1 0
-4 -2 19 -13 -8 7 -1 0
-4 -2 19 -13 -8 7 0 0
-4 -2 19 -13 -8 8 -1 0
-4 -2 19 -13 -7 5 0 0
-4 -2 19 -13 -7 5 1 0
-4 -2 19 -13 -7 6 0 0
-4 -2 19 -13 -7 7 -1 0
-4 -2 19 -13 -6 4 0 0
-4 -2 19 -13 -6 4 1 0
-4 -2 19 -13 -6 5 0 0
-4 -2 19 -13 -6 6 -1 0
-4 -2 19 -13 -5 2 0 0
-4 -2 19 -13 -5 3 0 0
-4 -2 19 -13 -5 4 0 0
-4 -2 19 -13 -4 1 0 0
-4 -2 19 -13 -4 2 0 0
-4 -2 19 -13 -4 3 0 0
-4 -2 19 -13 -3 0 0 0
-4 -2 19 -13 -3 1 0 0
-4 -2 19 -13 -3 2 0 0
-4 -2 19 -13 -2 0 0 0
-4 -2 19 -13 -2 1 0 0
-4 -2 19 -13 -2 2 0 0
-4 -2 19 -13 -1 0 0 0
-4 -2 19 -13 -1 1 0 0
-4 -2 19 -13 0 0 0 0
-4 -2 19 -13 0 1 0 0
-4 -2 19 -13 1 0 0 0
-4 -2 19 -13 2 0 0 0
-4 -2 19 -12 -14 13 1 -2
-4 -2 19 -12 -13 11 1 -1
-4 -2 19 -12 -13 11 2 -2
-4 -2 19 -12 -13 12 -1 0
-4 -2 19 -12 -13 12 0 -1
-4 -2 19 -12 -13 13 -2 0
-4 -2 19 -12 -13 13 -1 -1
-4 -2 19 -12 -12 9 2 -1
-4 -2 19 -12 -12 10 0 0
-4 -2 19 -12 -12 10 1 -1
-4 -2 19 -12 -12 11 -1 0
-4 -2 19 -12 -12 11 0 -1
-4 -2 19 -12 -12 12 -2 0
-4 -2 19 -12 -12 13 -3 0
-4 -2 19 -12 -11 8 1 0
-4 -2 19 -12 -11 8 2 -1
-4 -2 19 -12 -11 9 0 0
-4 -2 19 -12 -11 9 1 -1
-4 -2 19 -12 -11 10 -1 0
-4 -2 19 -12 -11 11 -2 0
-4 -2 19 -12 -10 6 2 0
-4 -2 19 -12 -10 7 0 0
-4 -2 19 -12 -10 7 1 0
-4 -2 19 -12 -10 8 -1 0
-4 -2 19 -12 -10 8 0 0
-4 -2 19 -12 -10 8 1 -1
-4 -2 19 -12 -10 9 -1 0
-4 -2 19 -12 -10 10 -2 0
-4 -2 19 -12 -9 5 1 0
-4 -2 19 -12 -9 5 2 0
-4 -2 19 -12 -9 6 0 0
-4 -2 19 -12 -9 6 1 0
-4 -2 19 -12 -9 7 -1 0
-4 -2 19 -12 -9 7 0 0
-4 -2 19 -12 -9 8 -1 0
-4 -2 19 -12 -8 4 0 0
-4 -2 19 -12 -8 4 1 0
-4 -2 19 -12 -8 5 0 0
-4 -2 19 -12 -8 5 1 0
-4 -2 19 -12 -8 6 0 0
-4 -2 19 -12 -8 7 -1 0
-4 -2 19 -12 -7 3 0 0
-4 -2 19 -12 -7 3 1 0
-4 -2 19 -12 -7 4 0 0
-4 -2 19 -12 -7 4 1 0
-4 -2 19 -12 -7 5 0 0
-4 -2 19 -12 -6 1 0 0
-4 -2 19 -12 -6 2 0 0
-4 -2 19 -12 -6 3 0 0
-4 -2 19 -12 -6 4 0 0
-4 -2 19 -12 -6 6 -1 0
-4 -2 19 -12 -5 0 0 0
-4 -2 19 -12 -5 1 0 0
-4 -2 19 -12 -5 2 0 0
-4 -2 19 -12 -5 3 0 0
-4 -2 19 -12 -4 0 0 0
-4 -2 19 -12 -4 1 0 0
-4 -2 19 -12 -4 2 0 0
-4 -2 19 -12 -4 3 0 0
-4 -2 19 -12 -3 0 0 0
-4 -2 19 -12 -3 1 0 0
-4 -2 19 -12 -3 2 0 0
-4 -2 19 -12 -2 0 0 0
-4 -2 19 -12 -2 1 0 0
-4 -2 19 -12 -1 0 0 0
-4 -2 19 -12 -1 1 0 0
-4 -2 19 -12 0 0 0 0
-4 -2 19 -11 -14 10 3 -2
-4 -2 19 -11 -13 8 2 0
-4 -2 19 -11 -13 8 3 -1
-4 -2 19 -11 -13 9 1 0
-4 -2 19 -11 -13 9 2 -1
-4 -2 19 -11 -13 10 0 0
-4 -2 19 -11 -13 10 1 -1
-4 -2 19 -11 -12 6 3 0
-4 -2 19 -11 -12 7 2 -1
-4 -2 19 -11 -12 7 2 0
-4 -2 19 -11 -12 8 0 0
-4 -2 19 -11 -12 8 1 0
-4 -2 19 -11 -12 8 2 -1
-4 -2 19 -11 -12 9 -1 0
-4 -2 19 -11 -12 9 0 0
-4 -2 19 -11 -12 9 1 -1
-4 -2 19 -11 -12 10 -1 0
-4 -2 19 -11 -12 11 -2 0
-4 -2 19 -11 -11 5 2 0
-4 -2 19 -11 -11 6 1 0
-4 -2 19 -11 -11 6 2 0
-4 -2 19 -11 -11 7 0 0
-4 -2 19 -11 -11 7 1 0
-4 -2 19 -11 -11 8 -1 0
-4 -2 19 -11 -11 8 0 0
-4 -2 19 -11 -11 9 -1 0
-4 -2 19 -11 -10 4 1 0
-4 -2 19 -11 -10 4 2 0
-4 -2 19 -11 -10 5 0 0
-4 -2 19 -11 -10 5 1 0
-4 -2 19 -11 -10 5 2 0
-4 -2 19 -11 -10 6 0 0
-4 -2 19 -11 -10 6 1 0
-4 -2 19 -11 -10 7 -1 0
-4 -2 19 -11 -10 7 0 0
-4 -2 19 -11 -10 8 -1 0
-4 -2 19 -11 -9 3 0 0
-4 -2 19 -11 -9 3 1 0
-4 -2 19 -11 -9 4 0 0
-4 -2 19 -11 -9 4 1 0
-4 -2 19 -11 -9 5 0 0
-4 -2 19 -11 -9 5 1 0
-4 -2 19 -11 -9 6 0 0
-4 -2 19 -11 -9 7 -1 0
-4 -2 19 -11 -8 2 0 0
-4 -2 19 -11 -8 3 0 0
-4 -2 19 -11 -8 3 1 0
-4 -2 19 -11 -8 4 0 0
-4 -2 19 -11 -8 4 1 0
-4 -2 19 -11 -8 5 0 0
-4 -2 19 -11 -7 0 0 0
-4 -2 19 -11 -7 1 0 0
-4 -2 19 -11 -7 2 0 0
-4 -2 19 -11 -7 3 0 0
-4 -2 19 -11 -7 3 1 0
-4 -2 19 -11 -7 4 0 0
-4 -2 19 -11 -7 6 -1 0
-4 -2 19 -11 -6 0 0 0
-4 -2 19 -11 -6 1 0 0
-4 -2 19 -11 -6 2 0 0
-4 -2 19 -11 -6 3 0 0
-4 -2 19 -11 -6 4 0 0
-4 -2 19 -11 -5 0 0 0
-4 -2 19 -11 -5 1 0 0
-4 -2 19 -11 -5 2 0 0
-4 -2 19 -11 -5 3 0 0
-4 -2 19 -11 -4 0 0 0
-4 -2 19 -11 -4 1 0 0
-4 -2 19 -11 -4 2 0 0
-4 -2 19 -11 -3 0 0 0
-4 -2 19 -10 -14 6 4 0
-4 -2 19 -10 -13 5 3 0
-4 -2 19 -10 -13 6 2 0
-4 -2 19 -10 -13 6 3 0
-4 -2 19 -10 -13 7 2 -1
-4 -2 19 -10 -13 7 2 0
-4 -2 19 -10 -12 4 2 0
-4 -2 19 -10 -12 5 1 0
-4 -2 19 -10 -12 5 2 0
-4 -2 19 -10 -12 5 3 0
-4 -2 19 -10 -12 6 0 0
-4 -2 19 -10 -12 6 1 0
-4 -2 19 -10 -12 6 2 0
-4 -2 19 -10 -12 7 0 0
-4 -2 19 -10 -12 7 1 0
-4 -2 19 -10 -12 7 2 -1
-4 -2 19 -10 -12 8 0 0
-4 -2 19 -10 -11 3 1 0
-4 -2 19 -10 -11 4 0 0
-4 -2 19 -10 -11 4 1 0
-4 -2 19 -10 -11 4 2 0
-4 -2 19 -10 -11 5 0 0
-4 -2 19 -10 -11 5 1 0
-4 -2 19 -10 -11 5 2 0
-4 -2 19 -10 -11 6 0 0
-4 -2 19 -10 -11 6 1 0
-4 -2 19 -10 -11 7 0 0
-4 -2 19 -10 -11 8 -1 0
-4 -2 19 -10 -10 2 0 0
-4 -2 19 -10 -10 2 1 0
-4 -2 19 -10 -10 3 0 0
-4 -2 19 -10 -10 3 1 0
-4 -2 19 -10 -10 4 0 0
-4 -2 19 -10 -10 4 1 0
-4 -2 19 -10 -10 4 2 0
-4 -2 19 -10 -10 5 0 0
-4 -2 19 -10 -10 5 1 0
-4 -2 19 -10 -10 6 0 0
-4 -2 19 -10 -10 7 -1 0
-4 -2 19 -10 -9 1 0 0
-4 -2 19 -10 -9 2 0 0
-4 -2 19 -10 -9 2 1 0
-4 -2 19 -10 -9 3 0 0
-4 -2 19 -10 -9 3 1 0
-4 -2 19 -10 -9 4 0 0
-4 -2 19 -10 -9 4 1 0
-4 -2 19 -10 -9 5 0 0
-4 -2 19 -10 -9 7 -1 0
-4 -2 19 -10 -8 -1 0 0
-4 -2 19 -10 -8 0 0 0
-4 -2 19 -10 -8 1 0 0
-4 -2 19 -10 -8 2 0 0
-4 -2 19 -10 -8 3 0 0
-4 -2 19 -10 -8 3 1 0
-4 -2 19 -10 -8 4 0 0
-4 -2 19 -10 -8 5 0 0
-4 -2 19 -10 -7 0 0 0
-4 -2 19 -10 -7 1 0 0
-4 -2 19 -10 -7 2 0 0
-4 -2 19 -10 -7 3 0 0
-4 -2 19 -10 -6 0 0 0
-4 -2 19 -9 -13 3 2 0
-4 -2 19 -9 -12 2 1 0
-4 -2 19 -9 -12 3 0 0
-4 -2 19 -9 -12 3 1 0
-4 -2 19 -9 -12 3 2 0
-4 -2 19 -9 -12 4 0 0
-4 -2 19 -9 -12 4 1 0
-4 -2 19 -9 -12 4 2 0
-4 -2 19 -9 -12 5 2 0
-4 -2 19 -9 -11 1 0 0
-4 -2 19 -9 -11 1 1 0
-4 -2 19 -9 -11 2 0 0
-4 -2 19 -9 -11 2 1 0
-4 -2 19 -9 -11 3 0 0
-4 -2 19 -9 -11 3 1 0
-4 -2 19 -9 -11 4 0 0
-4 -2 19 -9 -11 4 1 0
-4 -2 19 -9 -11 4 2 0
-4 -2 19 -9 -11 5 0 0
-4 -2 19 -9 -11 5 1 0
-4 -2 19 -9 -11 6 0 0
-4 -2 19 -9 -10 -1 0 0
-4 -2 19 -9 -10 0 0 0
-4 -2 19 -9 -10 1 0 0
-4 -2 19 -9 -10 2 0 0
-4 -2 19 -9 -10 2 1 0
-4 -2 19 -9 -10 3 0 0
-4 -2 19 -9 -9 -1 0 0
-4 -2 19 -9 -9 0 0 0
-4 -2 19 -8 -12 0 0 0
-4 -2 20 -25 12 -2 0 0
-4 -2 20 -24 10 -1 0 0
-4 -2 20 -23 7 2 -1 0
-4 -2 20 -23 8 0 0 0
-4 -2 20 -23 9 -1 0 0
-4 -2 20 -22 5 3 -1 0
-4 -2 20 -22 6 1 0 0
-4 -2 20 -22 7 0 0 0
-4 -2 20 -21 2 6 -2 0
-4 -2 20 -21 3 4 -1 0
-4 -2 20 -21 4 2 0 0
-4 -2 20 -21 4 3 -1 0
-4 -2 20 -21 5 1 0 0
-4 -2 20 -21 6 0 0 0
-4 -2 20 -20 -1 9 -3 0
-4 -2 20 -20 0 7 -2 0
-4 -2 20 -20 1 5 -1 0
-4 -2 20 -20 2 3 0 0
-4 -2 20 -20 2 4 -1 0
-4 -2 20 -20 3 2 0 0
-4 -2 20 -20 4 1 0 0
-4 -2 20 -20 5 0 0 0
-4 -2 20 -19 -5 15 -7 1
-4 -2 20 -19 -4 12 -4 0
-4 -2 20 -19 -3 9 -1 -1
-4 -2 20 -19 -3 10 -3 0
-4 -2 20 -19 -2 8 -2 0
-4 -2 20 -19 -1 6 -1 0
-4 -2 20 -19 -1 7 -2 0
-4 -2 20 -19 0 4 0 0
-4 -2 20 -19 0 5 -1 0
-4 -2 20 -19 1 3 0 0
-4 -2 20 -19 1 4 -1 0
-4 -2 20 -19 2 2 0 0
-4 -2 20 -19 3 0 0 0
-4 -2 20 -19 3 1 0 0
-4 -2 20 -19 4 0 0 0
-4 -2 20 -19 5 0 0 0
-4 -2 20 -18 -8 18 -8 1
-4 -2 20 -18 -7 15 -5 0
-4 -2 20 -18 -6 12 -2 -1
-4 -2 20 -18 -6 13 -4 0
-4 -2 20 -18 -5 10 -1 -1
-4 -2 20 -18 -5 11 -3 0
-4 -2 20 -18 -4 9 -2 0
-4 -2 20 -18 -3 7 -1 0
-4 -2 20 -18 -3 8 -2 0
-4 -2 20 -18 -2 5 0 0
-4 -2 20 -18 -2 6 -1 0
-4 -2 20 -18 -1 4 0 0
-4 -2 20 -18 -1 5 -1 0
-4 -2 20 -18 0 3 0 0
-4 -2 20 -18 1 1 0 0
-4 -2 20 -18 1 2 0 0
-4 -2 20 -18 2 0 0 0
-4 -2 20 -18 2 1 0 0
-4 -2 20 -18 3 0 0 0
-4 -2 20 -18 4 0 0 0
-4 -2 20 -17 -11 21 -9 1
-4 -2 20 -17 -10 18 -6 0
-4 -2 20 -17 -10 19 -8 1
-4 -2 20 -17 -9 15 -3 -1
-4 -2 20 -17 -9 16 -5 0
-4 -2 20 -17 -8 12 0 -2
-4 -2 20 -17 -8 13 -2 -1
-4 -2 20 -17 -8 14 -4 0
-4 -2 20 -17 -7 11 -1 -1
-4 -2 20 -17 -7 12 -3 0
-4 -2 20 -17 -6 9 0 -1
-4 -2 20 -17 -6 10 -2 0
-4 -2 20 -17 -6 11 -3 0
-4 -2 20 -17 -5 8 -1 0
-4 -2 20 -17 -5 9 -2 0
-4 -2 20 -17 -4 5 1 0
-4 -2 20 -17 -4 6 0 0
-4 -2 20 -17 -4 7 -1 0
-4 -2 20 -17 -4 8 -2 0
-4 -2 20 -17 -3 5 0 0
-4 -2 20 -17 -3 6 -1 0
-4 -2 20 -17 -2 3 0 0
-4 -2 20 -17 -2 4 0 0
-4 -2 20 -17 -2 5 -1 0
-4 -2 20 -17 -1 2 0 0
-4 -2 20 -17 -1 3 0 0
-4 -2 20 -17 0 0 0 0
-4 -2 20 -17 0 1 0 0
-4 -2 20 -17 0 2 0 0
-4 -2 20 -17 1 0 0 0
-4 -2 20 -17 1 1 0 0
-4 -2 20 -17 2 0 0 0
-4 -2 20 -17 2 1 0 0
-4 -2 20 -17 3 0 0 0
-4 -2 20 -16 -15 27 -13 2
-4 -2 20 -16 -14 24 -10 1
-4 -2 20 -16 -13 21 -7 0
-4 -2 20 -16 -13 22 -9 1
-4 -2 20 -16 -12 18 -4 -1
-4 -2 20 -16 -12 19 -6 0
-4 -2 20 -16 -12 20 -8 1
-4 -2 20 -16 -11 15 -1 -2
-4 -2 20 -16 -11 16 -3 -1
-4 -2 20 -16 -11 17 -5 0
-4 -2 20 -16 -10 13 0 -2
-4 -2 20 -16 -10 14 -2 -1
-4 -2 20 -16 -10 15 -4 0
-4 -2 20 -16 -9 12 -1 -1
-4 -2 20 -16 -9 13 -3 0
-4 -2 20 -16 -8 10 0 -1
-4 -2 20 -16 -8 11 -2 0
-4 -2 20 -16 -8 12 -3 0
-4 -2 20 -16 -7 8 0 0
-4 -2 20 -16 -7 9 -1 0
-4 -2 20 -16 -7 9 0 -1
-4 -2 20 -16 -7 10 -2 0
-4 -2 20 -16 -6 6 1 0
-4 -2 20 -16 -6 7 0 0
-4 -2 20 -16 -6 8 -1 0
-4 -2 20 -16 -6 9 -2 0
-4 -2 20 -16 -5 5 1 0
-4 -2 20 -16 -5 6 -1 0
-4 -2 20 -16 -5 6 0 0
-4 -2 20 -16 -5 7 -1 0
-4 -2 20 -16 -4 4 0 0
-4 -2 20 -16 -4 5 0 0
-4 -2 20 -16 -4 6 -1 0
-4 -2 20 -16 -3 3 0 0
-4 -2 20 -16 -3 4 0 0
-4 -2 20 -16 -2 1 0 0
-4 -2 20 -16 -2 2 0 0
-4 -2 20 -16 -2 3 0 0
-4 -2 20 -16 -1 0 0 0
-4 -2 20 -16 -1 1 0 0
-4 -2 20 -16 -1 2 0 0
-4 -2 20 -16 0 0 0 0
-4 -2 20 -16 0 1 0 0
-4 -2 20 -16 0 2 0 0
-4 -2 20 -16 1 0 0 0
-4 -2 20 -16 1 1 0 0
-4 -2 20 -16 2 0 0 0
-4 -2 20 -16 3 0 0 0
-4 -2 20 -15 -16 24 -8 0
-4 -2 20 -15 -15 21 -5 -1
-4 -2 20 -15 -15 22 -7 0
-4 -2 20 -15 -15 23 -9 1
-4 -2 20 -15 -14 18 -2 -2
-4 -2 20 -15 -14 19 -4 -1
-4 -2 20 -15 -14 20 -6 0
-4 -2 20 -15 -13 15 1 -3
-4 -2 20 -15 -13 16 -1 -2
-4 -2 20 -15 -13 17 -3 -1
-4 -2 20 -15 -13 18 -5 0
-4 -2 20 -15 -13 20 -8 1
-4 -2 20 -15 -12 14 0 -2
-4 -2 20 -15 -12 15 -2 -1
-4 -2 20 -15 -12 16 -4 0
-4 -2 20 -15 -11 12 1 -2
-4 -2 20 -15 -11 13 -2 0
-4 -2 20 -15 -11 13 -1 -1
-4 -2 20 -15 -11 14 -3 0
-4 -2 20 -15 -11 15 -4 0
-4 -2 20 -15 -10 10 1 -1
-4 -2 20 -15 -10 11 -1 0
-4 -2 20 -15 -10 11 0 -1
-4 -2 20 -15 -10 12 -2 0
-4 -2 20 -15 -10 12 -1 -1
-4 -2 20 -15 -10 13 -3 0
-4 -2 20 -15 -9 9 0 0
-4 -2 20 -15 -9 9 1 -1
-4 -2 20 -15 -9 10 -1 0
-4 -2 20 -15 -9 10 0 -1
-4 -2 20 -15 -9 11 -2 0
-4 -2 20 -15 -9 12 -3 0
-4 -2 20 -15 -8 6 2 0
-4 -2 20 -15 -8 7 1 0
-4 -2 20 -15 -8 8 0 0
-4 -2 20 -15 -8 9 -1 0
-4 -2 20 -15 -8 10 -2 0
-4 -2 20 -15 -7 6 0 0
-4 -2 20 -15 -7 6 1 0
-4 -2 20 -15 -7 7 -1 0
-4 -2 20 -15 -7 7 0 0
-4 -2 20 -15 -7 8 -1 0
-4 -2 20 -15 -7 9 -2 0
-4 -2 20 -15 -6 4 1 0
-4 -2 20 -15 -6 5 0 0
-4 -2 20 -15 -6 5 1 0
-4 -2 20 -15 -6 6 -1 0
-4 -2 20 -15 -6 6 0 0
-4 -2 20 -15 -6 7 -1 0
-4 -2 20 -15 -5 3 0 0
-4 -2 20 -15 -5 4 0 0
-4 -2 20 -15 -5 4 1 0
-4 -2 20 -15 -5 5 0 0
-4 -2 20 -15 -5 6 -1 0
-4 -2 20 -15 -4 2 0 0
-4 -2 20 -15 -4 3 0 0
-4 -2 20 -15 -4 4 0 0
-4 -2 20 -15 -3 0 0 0
-4 -2 20 -15 -3 1 0 0
-4 -2 20 -15 -3 2 0 0
-4 -2 20 -15 -3 3 0 0
-4 -2 20 -15 -3 5 -1 0
-4 -2 20 -15 -2 0 0 0
-4 -2 20 -15 -2 1 0 0
-4 -2 20 -15 -2 2 0 0
-4 -2 20 -15 -1 0 0 0
-4 -2 20 -15 -1 1 0 0
-4 -2 20 -15 -1 2 0 0
-4 -2 20 -15 0 0 0 0
-4 -2 20 -14 -17 21 -3 -2
-4 -2 20 -14 -16 18 0 -3
-4 -2 20 -14 -16 19 -2 -2
-4 -2 20 -14 -16 20 -4 -1
-4 -2 20 -14 -16 21 -6 0
-4 -2 20 -14 -15 16 1 -3
-4 -2 20 -14 -15 17 -1 -2
-4 -2 20 -14 -15 18 -3 -1
-4 -2 20 -14 -15 19 -5 0
-4 -2 20 -14 -14 14 2 -3
-4 -2 20 -14 -14 15 0 -2
-4 -2 20 -14 -14 16 -3 0
-4 -2 20 -14 -14 16 -2 -1
-4 -2 20 -14 -14 17 -4 0
-4 -2 20 -14 -14 18 -5 0
-4 -2 20 -14 -13 12 2 -2
-4 -2 20 -14 -13 13 0 -1
-4 -2 20 -14 -13 13 1 -2
-4 -2 20 -14 -13 14 -2 0
-4 -2 20 -14 -13 14 -1 -1
-4 -2 20 -14 -13 15 -3 0
-4 -2 20 -14 -13 16 -4 0
-4 -2 20 -14 -12 11 1 -1
-4 -2 20 -14 -12 11 2 -2
-4 -2 20 -14 -12 12 -1 0
-4 -2 20 -14 -12 12 0 -1
-4 -2 20 -14 -12 13 -2 0
-4 -2 20 -14 -12 13 -1 -1
-4 -2 20 -14 -12 14 -3 0
-4 -2 20 -14 -11 9 1 0
-4 -2 20 -14 -11 9 2 -1
-4 -2 20 -14 -11 10 0 0
-4 -2 20 -14 -11 10 1 -1
-4 -2 20 -14 -11 11 -2 0
-4 -2 20 -14 -11 11 -1 0
-4 -2 20 -14 -11 11 0 -1
-4 -2 20 -14 -11 12 -2 0
-4 -2 20 -14 -11 13 -3 0
-4 -2 20 -14 -10 7 2 0
-4 -2 20 -14 -10 8 1 0
-4 -2 20 -14 -10 9 -1 0
-4 -2 20 -14 -10 9 0 0
-4 -2 20 -14 -10 9 1 -1
-4 -2 20 -14 -10 10 -1 0
-4 -2 20 -14 -10 11 -2 0
-4 -2 20 -14 -9 6 1 0
-4 -2 20 -14 -9 6 2 0
-4 -2 20 -14 -9 7 0 0
-4 -2 20 -14 -9 7 1 0
-4 -2 20 -14 -9 8 -1 0
-4 -2 20 -14 -9 8 0 0
-4 -2 20 -14 -9 8 1 -1
-4 -2 20 -14 -9 9 -1 0
-4 -2 20 -14 -9 10 -2 0
-4 -2 20 -14 -8 5 0 0
-4 -2 20 -14 -8 5 1 0
-4 -2 20 -14 -8 6 0 0
-4 -2 20 -14 -8 6 1 0
-4 -2 20 -14 -8 7 -1 0
-4 -2 20 -14 -8 7 0 0
-4 -2 20 -14 -8 8 -1 0
-4 -2 20 -14 -7 3 1 0
-4 -2 20 -14 -7 4 0 0
-4 -2 20 -14 -7 4 1 0
-4 -2 20 -14 -7 5 0 0
-4 -2 20 -14 -7 5 1 0
-4 -2 20 -14 -7 6 0 0
-4 -2 20 -14 -7 7 -1 0
-4 -2 20 -14 -6 2 0 0
-4 -2 20 -14 -6 3 0 0
-4 -2 20 -14 -6 4 0 0
-4 -2 20 -14 -6 4 1 0
-4 -2 20 -14 -6 5 0 0
-4 -2 20 -14 -6 6 -1 0
-4 -2 20 -14 -5 1 0 0
-4 -2 20 -14 -5 2 0 0
-4 -2 20 -14 -5 3 0 0
-4 -2 20 -14 -5 4 0 0
-4 -2 20 -14 -4 0 0 0
-4 -2 20 -14 -4 1 0 0
-4 -2 20 -14 -4 2 0 0
-4 -2 20 -14 -4 3 0 0
-4 -2 20 -14 -3 0 0 0
-4 -2 20 -13 -18 18 2 -4
-4 -2 20 -13 -17 16 3 -4
-4 -2 20 -13 -17 17 1 -3
-4 -2 20 -13 -17 18 -1 -2
-4 -2 20 -13 -16 15 1 -2
-4 -2 20 -13 -16 15 2 -3
-4 -2 20 -13 -16 16 -1 -1
-4 -2 20 -13 -16 16 0 -2
-4 -2 20 -13 -16 17 -3 0
-4 -2 20 -13 -16 17 -2 -1
-4 -2 20 -13 -16 18 -4 0
-4 -2 20 -13 -15 13 2 -2
-4 -2 20 -13 -15 13 3 -3
-4 -2 20 -13 -15 14 -1 0
-4 -2 20 -13 -15 14 0 -1
-4 -2 20 -13 -15 14 1 -2
-4 -2 20 -13 -15 15 -2 0
-4 -2 20 -13 -15 15 -1 -1
-4 -2 20 -13 -15 16 -3 0
-4 -2 20 -13 -15 16 -2 -1
-4 -2 20 -13 -15 17 -4 0
-4 -2 20 -13 -14 11 2 -1
-4 -2 20 -13 -14 11 3 -2
-4 -2 20 -13 -14 12 0 0
-4 -2 20 -13 -14 12 1 -1
-4 -2 20 -13 -14 12 2 -2
-4 -2 20 -13 -14 13 -1 0
-4 -2 20 -13 -14 13 0 -1
-4 -2 20 -13 -14 13 1 -2
-4 -2 20 -13 -14 14 -3 0
-4 -2 20 -13 -14 14 -2 0
-4 -2 20 -13 -14 14 -1 -1
-4 -2 20 -13 -14 15 -3 0
-4 -2 20 -13 -14 16 -4 0
-4 -2 20 -13 -13 9 3 -1
-4 -2 20 -13 -13 10 1 0
-4 -2 20 -13 -13 10 2 -1
-4 -2 20 -13 -13 11 0 0
-4 -2 20 -13 -13 11 1 -1
-4 -2 20 -13 -13 11 2 -2
-4 -2 20 -13 -13 12 -2 0
-4 -2 20 -13 -13 12 -1 0
-4 -2 20 -13 -13 12 0 -1
-4 -2 20 -13 -13 13 -2 0
-4 -2 20 -13 -13 14 -3 0
-4 -2 20 -13 -12 7 3 0
-4 -2 20 -13 -12 8 2 -1
-4 -2 20 -13 -12 8 2 0
-4 -2 20 -13 -12 9 0 0
-4 -2 20 -13 -12 9 1 -1
-4 -2 20 -13 -12 9 1 0
-4 -2 20 -13 -12 9 2 -1
-4 -2 20 -13 -12 10 -1 0
-4 -2 20 -13 -12 10 0 0
-4 -2 20 -13 -12 10 1 -1
-4 -2 20 -13 -12 11 -2 0
-4 -2 20 -13 -12 11 -1 0
-4 -2 20 -13 -12 11 0 -1
-4 -2 20 -13 -12 12 -2 0
-4 -2 20 -13 -12 13 -3 0
-4 -2 20 -13 -11 6 2 0
-4 -2 20 -13 -11 7 1 0
-4 -2 20 -13 -11 7 2 0
-4 -2 20 -13 -11 8 -1 0
-4 -2 20 -13 -11 8 0 0
-4 -2 20 -13 -11 8 1 0
-4 -2 20 -13 -11 9 -1 0
-4 -2 20 -13 -11 9 0 0
-4 -2 20 -13 -11 9 1 -1
-4 -2 20 -13 -11 10 -1 0
-4 -2 20 -13 -11 11 -2 0
-4 -2 20 -13 -10 5 1 0
-4 -2 20 -13 -10 5 2 0
-4 -2 20 -13 -10 6 0 0
-4 -2 20 -13 -10 6 1 0
-4 -2 20 -13 -10 6 2 0
-4 -2 20 -13 -10 7 -1 0
-4 -2 20 -13 -10 7 0 0
-4 -2 20 -13 -10 7 1 0
-4 -2 20 -13 -10 8 -1 0
-4 -2 20 -13 -10 8 0 0
-4 -2 20 -13 -10 8 1 -1
-4 -2 20 -13 -10 9 -1 0
-4 -2 20 -13 -10 10 -2 0
-4 -2 20 -13 -9 4 0 0
-4 -2 20 -13 -9 4 1 0
-4 -2 20 -13 -9 5 0 0
-4 -2 20 -13 -9 5 1 0
-4 -2 20 -13 -9 5 2 0
-4 -2 20 -13 -9 6 0 0
-4 -2 20 -13 -9 6 1 0
-4 -2 20 -13 -9 7 -1 0
-4 -2 20 -13 -9 7 0 0
-4 -2 20 -13 -9 8 -1 0
-4 -2 20 -13 -8 3 0 0
-4 -2 20 -13 -8 3 1 0
-4 -2 20 -13 -8 4 0 0
-4 -2 20 -13 -8 4 1 0
-4 -2 20 -13 -8 5 0 0
-4 -2 20 -13 -8 5 1 0
-4 -2 20 -13 -8 6 0 0
-4 -2 20 -13 -7 1 0 0
-4 -2 20 -13 -7 2 0 0
-4 -2 20 -13 -7 3 0 0
-4 -2 20 -13 -6 0 0 0
-4 -2 20 -12 -18 15 4 -4
-4 -2 20 -12 -17 13 3 -2
-4 -2 20 -12 -17 13 4 -3
-4 -2 20 -12 -17 14 1 -1
-4 -2 20 -12 -17 14 2 -2
-4 -2 20 -12 -17 14 3 -3
-4 -2 20 -12 -17 15 1 -2
-4 -2 20 -12 -16 11 4 -2
-4 -2 20 -12 -16 12 1 0
-4 -2 20 -12 -16 12 2 -1
-4 -2 20 -12 -16 12 3 -2
-4 -2 20 -12 -16 13 0 0
-4 -2 20 -12 -16 13 1 -1
-4 -2 20 -12 -16 13 2 -2
-4 -2 20 -12 -16 14 -2 0
-4 -2 20 -12 -16 14 -1 0
-4 -2 20 -12 -16 14 0 -1
-4 -2 20 -12 -16 14 1 -2
-4 -2 20 -12 -16 15 -2 0
-4 -2 20 -12 -16 15 -1 -1
-4 -2 20 -12 -15 9 4 -1
-4 -2 20 -12 -15 10 2 0
-4 -2 20 -12 -15 10 3 -1
-4 -2 20 -12 -15 11 1 -1
-4 -2 20 -12 -15 11 1 0
-4 -2 20 -12 -15 11 2 -1
-4 -2 20 -12 -15 11 3 -2
-4 -2 20 -12 -15 12 -1 0
-4 -2 20 -12 -15 12 0 0
-4 -2 20 -12 -15 12 1 -1
-4 -2 20 -12 -15 12 2 -2
-4 -2 20 -12 -15 13 -2 0
-4 -2 20 -12 -15 13 -1 0
-4 -2 20 -12 -15 13 0 -1
-4 -2 20 -12 -15 14 -2 0
-4 -2 20 -12 -15 14 -1 -1
-4 -2 20 -12 -15 15 -3 0
-4 -2 20 -12 -14 7 4 0
-4 -2 20 -12 -14 8 3 -1
-4 -2 20 -12 -14 8 3 0
-4 -2 20 -12 -14 9 1 0
-4 -2 20 -12 -14 9 2 -1
-4 -2 20 -12 -14 9 2 0
-4 -2 20 -12 -14 9 3 -1
-4 -2 20 -12 -14 10 0 0
-4 -2 20 -12 -14 10 1 -1
-4 -2 20 -12 -14 10 1 0
-4 -2 20 -12 -14 10 2 -1
-4 -2 20 -12 -14 11 -1 0
-4 -2 20 -12 -14 11 0 0
-4 -2 20 -12 -14 11 1 -1
-4 -2 20 -12 -14 12 -2 0
-4 -2 20 -12 -14 12 -1 0
-4 -2 20 -12 -14 12 0 -1
-4 -2 20 -12 -14 13 -2 0
-4 -2 20 -12 -14 14 -3 0
-4 -2 20 -12 -13 6 3 0
-4 -2 20 -12 -13 7 2 0
-4 -2 20 -12 -13 7 3 0
-4 -2 20 -12 -13 8 0 0
-4 -2 20 -12 -13 8 1 0
-4 -2 20 -12 -13 8 2 -1
-4 -2 20 -12 -13 8 2 0
-4 -2 20 -12 -13 9 -1 0
-4 -2 20 -12 -13 9 0 0
-4 -2 20 -12 -13 9 1 0
-4 -2 20 -12 -13 9 2 -1
-4 -2 20 -12 -13 10 -1 0
-4 -2 20 -12 -13 10 0 0
-4 -2 20 -12 -13 10 1 -1
-4 -2 20 -12 -13 11 -2 0
-4 -2 20 -12 -13 11 -1 0
-4 -2 20 -12 -13 12 -2 0
-4 -2 20 -12 -12 5 2 0
-4 -2 20 -12 -12 6 1 0
-4 -2 20 -12 -12 6 2 0
-4 -2 20 -12 -12 6 3 0
-4 -2 20 -12 -12 7 0 0
-4 -2 20 -12 -12 7 1 0
-4 -2 20 -12 -12 7 2 0
-4 -2 20 -12 -12 8 -1 0
-4 -2 20 -12 -12 8 0 0
-4 -2 20 -12 -12 8 1 0
-4 -2 20 -12 -12 8 2 -1
-4 -2 20 -12 -12 9 -1 0
-4 -2 20 -12 -12 9 0 0
-4 -2 20 -12 -11 4 1 0
-4 -2 20 -12 -11 4 2 0
-4 -2 20 -12 -11 5 0 0
-4 -2 20 -12 -11 5 1 0
-4 -2 20 -12 -11 5 2 0
-4 -2 20 -12 -11 6 0 0
-4 -2 20 -12 -10 3 0 0
-4 -2 20 -11 -18 11 5 -2
-4 -2 20 -11 -17 9 5 -1
-4 -2 20 -11 -17 10 3 0
-4 -2 20 -11 -17 10 4 -2
-4 -2 20 -11 -17 10 4 -1
-4 -2 20 -11 -17 11 2 -1
-4 -2 20 -11 -17 11 2 0
-4 -2 20 -11 -17 11 3 -2
-4 -2 20 -11 -17 11 3 -1
-4 -2 20 -11 -17 11 4 -2
-4 -2 20 -11 -17 12 3 -2
-4 -2 20 -11 -17 12 4 -3
-4 -2 20 -11 -16 7 5 0
-4 -2 20 -11 -16 8 4 -1
-4 -2 20 -11 -16 8 4 0
-4 -2 20 -11 -16 9 2 0
-4 -2 20 -11 -16 9 3 -1
-4 -2 20 -11 -16 9 3 0
-4 -2 20 -11 -16 9 4 -1
-4 -2 20 -11 -16 10 1 0
-4 -2 20 -11 -16 10 2 -1
-4 -2 20 -11 -16 10 2 0
-4 -2 20 -11 -16 10 3 -1
-4 -2 20 -11 -16 11 -1 0
-4 -2 20 -11 -16 11 0 0
-4 -2 20 -11 -16 11 1 -1
-4 -2 20 -11 -16 11 1 0
-4 -2 20 -11 -16 11 2 -1
-4 -2 20 -11 -16 11 3 -2
-4 -2 20 -11 -16 12 0 0
-4 -2 20 -11 -15 6 4 0
-4 -2 20 -11 -15 7 3 -1
-4 -2 20 -11 -15 7 3 0
-4 -2 20 -11 -15 7 4 0
-4 -2 20 -11 -15 8 1 0
-4 -2 20 -11 -15 8 2 -1
-4 -2 20 -11 -15 8 2 0
-4 -2 20 -11 -15 8 3 -1
-4 -2 20 -11 -15 8 3 0
-4 -2 20 -11 -15 9 -1 0
-4 -2 20 -11 -15 9 0 0
-4 -2 20 -11 -14 5 3 0
-4 -2 20 -10 -18 7 6 0
-4 -2 21 -27 13 -2 0 0
-4 -2 21 -26 11 -1 0 0
-4 -2 21 -25 8 2 -1 0
-4 -2 21 -25 9 0 0 0
-4 -2 21 -25 10 -1 0 0
-4 -2 21 -24 5 5 -2 0
-4 -2 21 -24 6 3 -1 0
-4 -2 21 -24 7 1 0 0
-4 -2 21 -24 8 0 0 0
-4 -2 21 -24 9 -1 0 0
-4 -2 21 -23 2 8 -3 0
-4 -2 21 -23 3 6 -2 0
-4 -2 21 -23 4 4 -1 0
-4 -2 21 -23 5 2 0 0
-4 -2 21 -23 5 3 -1 0
-4 -2 21 -23 6 1 0 0
-4 -2 21 -23 7 0 0 0
-4 -2 21 -22 -2 14 -7 1
-4 -2 21 -22 -1 11 -4 0
-4 -2 21 -22 0 9 -3 0
-4 -2 21 -22 1 7 -2 0
-4 -2 21 -22 2 5 -1 0
-4 -2 21 -22 3 3 0 0
-4 -2 21 -22 3 4 -1 0
-4 -2 21 -22 4 2 0 0
-4 -2 21 -22 5 1 0 0
-4 -2 21 -22 6 0 0 0
-4 -2 21 -21 -5 17 -8 1
-4 -2 21 -21 -4 14 -5 0
-4 -2 21 -21 -3 11 -2 -1
-4 -2 21 -21 -3 12 -4 0
-4 -2 21 -21 -2 9 -1 -1
-4 -2 21 -21 -2 10 -3 0
-4 -2 21 -21 -1 8 -2 0
-4 -2 21 -21 0 6 -1 0
-4 -2 21 -21 0 7 -2 0
-4 -2 21 -21 1 4 0 0
-4 -2 21 -21 1 5 -1 0
-4 -2 21 -21 2 3 0 0
-4 -2 21 -21 2 4 -1 0
-4 -2 21 -21 3 1 0 0
-4 -2 21 -21 3 2 0 0
-4 -2 21 -21 4 0 0 0
-4 -2 21 -21 4 1 0 0
-4 -2 21 -21 5 0 0 0
-4 -2 21 -20 -9 23 -12 2
-4 -2 21 -20 -8 20 -9 1
-4 -2 21 -20 -7 17 -6 0
-4 -2 21 -20 -7 18 -8 1
-4 -2 21 -20 -6 14 -3 -1
-4 -2 21 -20 -6 15 -5 0
-4 -2 21 -20 -5 12 -2 -1
-4 -2 21 -20 -5 13 -4 0
-4 -2 21 -20 -4 10 -1 -1
-4 -2 21 -20 -4 11 -3 0
-4 -2 21 -20 -3 9 -2 0
-4 -2 21 -20 -3 10 -3 0
-4 -2 21 -20 -2 6 0 0
-4 -2 21 -20 -2 7 -1 0
-4 -2 21 -20 -2 8 -2 0
-4 -2 21 -20 -1 5 0 0
-4 -2 21 -20 -1 6 -1 0
-4 -2 21 -20 0 4 0 0
-4 -2 21 -20 0 5 -1 0
-4 -2 21 -20 1 2 0 0
-4 -2 21 -20 1 3 0 0
-4 -2 21 -20 2 1 0 0
-4 -2 21 -20 2 2 0 0
-4 -2 21 -20 3 0 0 0
-4 -2 21 -20 3 1 0 0
-4 -2 21 -20 4 0 0 0
-4 -2 21 -20 5 0 0 0
-4 -2 21 -19 -12 26 -13 2
-4 -2 21 -19 -11 23 -10 1
-4 -2 21 -19 -10 20 -7 0
-4 -2 21 -19 -10 21 -9 1
-4 -2 21 -19 -9 17 -4 -1
-4 -2 21 -19 -9 18 -6 0
-4 -2 21 -19 -9 19 -8 1
-4 -2 21 -19 -8 14 -1 -2
-4 -2 21 -19 -8 15 -3 -1
-4 -2 21 -19 -8 16 -5 0
-4 -2 21 -19 -7 12 0 -2
-4 -2 21 -19 -7 13 -2 -1
-4 -2 21 -19 -7 14 -4 0
-4 -2 21 -19 -6 11 -1 -1
-4 -2 21 -19 -6 12 -3 0
-4 -2 21 -19 -5 9 -1 0
-4 -2 21 -19 -5 9 0 -1
-4 -2 21 -19 -5 10 -2 0
-4 -2 21 -19 -5 11 -3 0
-4 -2 21 -19 -4 7 0 0
-4 -2 21 -19 -4 8 -1 0
-4 -2 21 -19 -4 9 -2 0
-4 -2 21 -19 -3 5 1 0
-4 -2 21 -19 -3 6 0 0
-4 -2 21 -19 -3 7 -1 0
-4 -2 21 -19 -3 8 -2 0
-4 -2 21 -19 -2 4 0 0
-4 -2 21 -19 -2 5 0 0
-4 -2 21 -19 -2 6 -1 0
-4 -2 21 -19 -1 3 0 0
-4 -2 21 -19 -1 4 0 0
-4 -2 21 -19 -1 5 -1 0
-4 -2 21 -19 0 1 0 0
-4 -2 21 -19 0 2 0 0
-4 -2 21 -19 0 3 0 0
-4 -2 21 -19 1 0 0 0
-4 -2 21 -19 1 1 0 0
-4 -2 21 -19 1 2 0 0
-4 -2 21 -19 2 0 0 0
-4 -2 21 -19 2 1 0 0
-4 -2 21 -19 3 0 0 0
-4 -2 21 -18 -16 32 -17 3
-4 -2 21 -18 -15 29 -14 2
-4 -2 21 -18 -14 26 -11 1
-4 -2 21 -18 -14 27 -13 2
-4 -2 21 -18 -13 23 -8 0
-4 -2 21 -18 -13 24 -10 1
-4 -2 21 -18 -12 20 -5 -1
-4 -2 21 -18 -12 21 -7 0
-4 -2 21 -18 -12 22 -9 1
-4 -2 21 -18 -11 17 -2 -2
-4 -2 21 -18 -11 18 -4 -1
-4 -2 21 -18 -11 19 -6 0
-4 -2 21 -18 -10 15 -1 -2
-4 -2 21 -18 -10 16 -3 -1
-4 -2 21 -18 -10 17 -5 0
-4 -2 21 -18 -9 13 0 -2
-4 -2 21 -18 -9 14 -2 -1
-4 -2 21 -18 -9 15 -4 0
-4 -2 21 -18 -8 12 -2 0
-4 -2 21 -18 -8 12 -1 -1
-4 -2 21 -18 -8 13 -3 0
-4 -2 21 -18 -8 14 -4 0
-4 -2 21 -18 -7 10 -1 0
-4 -2 21 -18 -7 10 0 -1
-4 -2 21 -18 -7 11 -2 0
-4 -2 21 -18 -7 12 -3 0
-4 -2 21 -18 -6 8 0 0
-4 -2 21 -18 -6 9 -1 0
-4 -2 21 -18 -6 9 0 -1
-4 -2 21 -18 -6 10 -2 0
-4 -2 21 -18 -5 6 1 0
-4 -2 21 -18 -5 7 -1 0
-4 -2 21 -18 -5 7 0 0
-4 -2 21 -18 -5 8 -1 0
-4 -2 21 -18 -5 9 -2 0
-4 -2 21 -18 -4 5 0 0
-4 -2 21 -18 -4 5 1 0
-4 -2 21 -18 -4 6 -1 0
-4 -2 21 -18 -4 6 0 0
-4 -2 21 -18 -4 7 -1 0
-4 -2 21 -18 -3 4 0 0
-4 -2 21 -18 -3 5 0 0
-4 -2 21 -18 -3 6 -1 0
-4 -2 21 -18 -2 2 0 0
-4 -2 21 -18 -2 3 0 0
-4 -2 21 -18 -2 4 0 0
-4 -2 21 -18 -2 5 -1 0
-4 -2 21 -18 -1 0 0 0
-4 -2 21 -18 -1 1 0 0
-4 -2 21 -18 -1 2 0 0
-4 -2 21 -18 -1 3 0 0
-4 -2 21 -18 0 0 0 0
-4 -2 21 -17 -18 32 -15 2
-4 -2 21 -17 -17 29 -12 1
-4 -2 21 -17 -17 30 -14 2
-4 -2 21 -17 -16 26 -9 0
-4 -2 21 -17 -16 27 -11 1
-4 -2 21 -17 -15 23 -6 -1
-4 -2 21 -17 -15 24 -8 0
-4 -2 21 -17 -15 25 -10 1
-4 -2 21 -17 -14 20 -3 -2
-4 -2 21 -17 -14 21 -5 -1
-4 -2 21 -17 -14 22 -7 0
-4 -2 21 -17 -14 23 -9 1
-4 -2 21 -17 -13 17 0 -3
-4 -2 21 -17 -13 18 -2 -2
-4 -2 21 -17 -13 19 -4 -1
-4 -2 21 -17 -13 20 -6 0
-4 -2 21 -17 -12 15 1 -3
-4 -2 21 -17 -12 16 -1 -2
-4 -2 21 -17 -12 17 -3 -1
-4 -2 21 -17 -12 18 -5 0
-4 -2 21 -17 -12 20 -8 1
-4 -2 21 -17 -11 14 -1 -1
-4 -2 21 -17 -11 14 0 -2
-4 -2 21 -17 -11 15 -3 0
-4 -2 21 -17 -11 15 -2 -1
-4 -2 21 -17 -11 16 -4 0
-4 -2 21 -17 -10 12 0 -1
-4 -2 21 -17 -10 12 1 -2
-4 -2 21 -17 -10 13 -2 0
-4 -2 21 -17 -10 13 -1 -1
-4 -2 21 -17 -10 14 -3 0
-4 -2 21 -17 -10 15 -4 0
-4 -2 21 -17 -9 10 0 0
-4 -2 21 -17 -9 10 1 -1
-4 -2 21 -17 -9 11 -1 0
-4 -2 21 -17 -9 11 0 -1
-4 -2 21 -17 -9 12 -2 0
-4 -2 21 -17 -9 12 -1 -1
-4 -2 21 -17 -9 13 -3 0
-4 -2 21 -17 -8 8 1 0
-4 -2 21 -17 -8 9 0 0
-4 -2 21 -17 -8 9 1 -1
-4 -2 21 -17 -8 10 -2 0
-4 -2 21 -17 -8 10 -1 0
-4 -2 21 -17 -8 10 0 -1
-4 -2 21 -17 -8 11 -2 0
-4 -2 21 -17 -8 12 -3 0
-4 -2 21 -17 -7 7 0 0
-4 -2 21 -17 -7 7 1 0
-4 -2 21 -17 -7 8 -1 0
-4 -2 21 -17 -7 8 0 0
-4 -2 21 -17 -7 9 -1 0
-4 -2 21 -17 -7 10 -2 0
-4 -2 21 -17 -6 5 1 0
-4 -2 21 -17 -6 6 0 0
-4 -2 21 -17 -6 6 1 0
-4 -2 21 -17 -6 7 -1 0
-4 -2 21 -17 -6 7 0 0
-4 -2 21 -17 -6 8 -1 0
-4 -2 21 -17 -6 9 -2 0
-4 -2 21 -17 -5 4 0 0
-4 -2 21 -17 -5 4 1 0
-4 -2 21 -17 -5 5 0 0
-4 -2 21 -17 -5 5 1 0
-4 -2 21 -17 -5 6 -1 0
-4 -2 21 -17 -5 6 0 0
-4 -2 21 -17 -4 3 0 0
-4 -2 21 -16 -19 29 -10 0
-4 -2 21 -16 -18 26 -7 -1
-4 -2 21 -16 -18 27 -9 0
-4 -2 21 -16 -18 28 -11 1
-4 -2 21 -16 -17 23 -4 -2
-4 -2 21 -16 -17 24 -6 -1
-4 -2 21 -16 -17 25 -8 0
-4 -2 21 -16 -17 26 -10 1
-4 -2 21 -16 -16 20 -1 -3
-4 -2 21 -16 -16 21 -3 -2
-4 -2 21 -16 -16 22 -5 -1
-4 -2 21 -16 -16 23 -7 0
-4 -2 21 -16 -16 24 -9 1
-4 -2 21 -16 -15 17 2 -4
-4 -2 21 -16 -15 18 0 -3
-4 -2 21 -16 -15 19 -2 -2
-4 -2 21 -16 -15 20 -5 0
-4 -2 21 -16 -15 20 -4 -1
-4 -2 21 -16 -15 21 -6 0
-4 -2 21 -16 -15 23 -9 1
-4 -2 21 -16 -14 16 1 -3
-4 -2 21 -16 -14 17 -2 -1
-4 -2 21 -16 -14 17 -1 -2
-4 -2 21 -16 -14 18 -4 0
-4 -2 21 -16 -14 18 -3 -1
-4 -2 21 -16 -14 19 -5 0
-4 -2 21 -16 -13 14 1 -2
-4 -2 21 -16 -13 14 2 -3
-4 -2 21 -16 -13 15 -1 -1
-4 -2 21 -16 -13 15 0 -2
-4 -2 21 -16 -13 16 -3 0
-4 -2 21 -16 -13 16 -2 -1
-4 -2 21 -16 -13 17 -4 0
-4 -2 21 -16 -13 18 -5 0
-4 -2 21 -16 -12 12 1 -1
-4 -2 21 -16 -12 12 2 -2
-4 -2 21 -16 -12 13 -1 0
-4 -2 21 -16 -12 13 0 -1
-4 -2 21 -16 -12 13 1 -2
-4 -2 21 -16 -12 14 -2 0
-4 -2 21 -16 -12 14 -1 -1
-4 -2 21 -16 -12 15 -3 0
-4 -2 21 -16 -12 15 -2 -1
-4 -2 21 -16 -12 16 -4 0
-4 -2 21 -16 -11 10 2 -1
-4 -2 21 -16 -11 11 0 0
-4 -2 21 -16 -11 11 1 -1
-4 -2 21 -16 -11 12 -1 0
-4 -2 21 -16 -11 12 0 -1
-4 -2 21 -16 -11 13 -2 0
-4 -2 21 -16 -11 13 -1 -1
-4 -2 21 -16 -11 14 -3 0
-4 -2 21 -16 -10 8 2 0
-4 -2 21 -16 -10 9 1 -1
-4 -2 21 -16 -10 9 1 0
-4 -2 21 -16 -10 10 -1 0
-4 -2 21 -16 -10 10 0 0
-4 -2 21 -16 -10 10 1 -1
-4 -2 21 -16 -10 11 -2 0
-4 -2 21 -16 -10 11 -1 0
-4 -2 21 -16 -10 11 0 -1
-4 -2 21 -16 -10 12 -2 0
-4 -2 21 -16 -10 13 -3 0
-4 -2 21 -16 -9 7 1 0
-4 -2 21 -16 -9 7 2 0
-4 -2 21 -16 -9 8 0 0
-4 -2 21 -16 -9 8 1 0
-4 -2 21 -16 -9 9 -1 0
-4 -2 21 -16 -9 9 0 0
-4 -2 21 -16 -8 6 0 0
-4 -2 21 -15 -20 26 -5 -2
-4 -2 21 -15 -19 23 -2 -3
-4 -2 21 -15 -19 24 -4 -2
-4 -2 21 -15 -19 25 -6 -1
-4 -2 21 -15 -19 26 -8 0
-4 -2 21 -15 -18 19 3 -5
-4 -2 21 -15 -18 20 1 -4
-4 -2 21 -15 -18 21 -1 -3
-4 -2 21 -15 -18 22 -3 -2
-4 -2 21 -15 -18 23 -6 0
-4 -2 21 -15 -18 23 -5 -1
-4 -2 21 -15 -18 24 -7 0
-4 -2 21 -15 -18 25 -9 1
-4 -2 21 -15 -17 18 2 -4
-4 -2 21 -15 -17 19 -1 -2
-4 -2 21 -15 -17 19 0 -3
-4 -2 21 -15 -17 20 -3 -1
-4 -2 21 -15 -17 20 -2 -2
-4 -2 21 -15 -17 21 -5 0
-4 -2 21 -15 -17 21 -4 -1
-4 -2 21 -15 -17 22 -6 0
-4 -2 21 -15 -17 24 -9 1
-4 -2 21 -15 -16 16 2 -3
-4 -2 21 -15 -16 16 3 -4
-4 -2 21 -15 -16 17 0 -2
-4 -2 21 -15 -16 17 1 -3
-4 -2 21 -15 -16 18 -3 0
-4 -2 21 -15 -16 18 -2 -1
-4 -2 21 -15 -16 18 -1 -2
-4 -2 21 -15 -16 19 -4 0
-4 -2 21 -15 -16 19 -3 -1
-4 -2 21 -15 -16 20 -5 0
-4 -2 21 -15 -16 21 -6 0
-4 -2 21 -15 -15 14 3 -3
-4 -2 21 -15 -15 15 0 -1
-4 -2 21 -15 -15 15 1 -2
-4 -2 21 -15 -15 15 2 -3
-4 -2 21 -15 -15 16 -2 0
-4 -2 21 -15 -15 16 -1 -1
-4 -2 21 -15 -15 16 0 -2
-4 -2 21 -15 -15 17 -3 0
-4 -2 21 -15 -15 17 -2 -1
-4 -2 21 -15 -15 18 -4 0
-4 -2 21 -15 -15 19 -5 0
-4 -2 21 -15 -14 12 3 -2
-4 -2 21 -15 -14 13 0 0
-4 -2 21 -15 -14 13 1 -1
-4 -2 21 -15 -14 13 2 -2
-4 -2 21 -15 -14 14 -1 0
-4 -2 21 -15 -14 14 0 -1
-4 -2 21 -15 -14 14 1 -2
-4 -2 21 -15 -14 15 -3 0
-4 -2 21 -15 -14 15 -2 0
-4 -2 21 -15 -14 15 -1 -1
-4 -2 21 -15 -14 16 -3 0
-4 -2 21 -15 -13 10 3 -1
-4 -2 21 -15 -13 11 1 0
-4 -2 21 -15 -13 11 2 -1
-4 -2 21 -15 -13 12 0 -1
-4 -2 21 -15 -13 12 0 0
-4 -2 21 -15 -12 8 3 0
-4 -2 21 -14 -21 22 2 -5
-4 -2 21 -14 -21 23 0 -4
-4 -2 21 -14 -20 19 5 -6
-4 -2 21 -14 -20 20 3 -5
-4 -2 21 -14 -20 21 1 -4
-4 -2 21 -14 -20 22 -2 -2
-4 -2 21 -14 -20 22 -1 -3
-4 -2 21 -14 -20 23 -3 -2
-4 -2 21 -14 -19 18 3 -4
-4 -2 21 -14 -19 18 4 -5
-4 -2 21 -14 -19 19 1 -3
-4 -2 21 -14 -19 19 2 -4
-4 -2 21 -14 -19 20 -1 -2
-4 -2 21 -14 -19 20 0 -3
-4 -2 21 -14 -19 21 -4 0
-4 -2 21 -14 -19 21 -3 -1
-4 -2 21 -14 -19 21 -2 -2
-4 -2 21 -14 -19 22 -5 0
-4 -2 21 -14 -19 22 -4 -1
-4 -2 21 -14 -19 23 -6 0
-4 -2 21 -14 -18 16 4 -4
-4 -2 21 -14 -18 17 1 -2
-4 -2 21 -14 -18 17 2 -3
-4 -2 21 -14 -18 17 3 -4
-4 -2 21 -14 -18 18 -1 -1
-4 -2 21 -14 -18 18 0 -2
-4 -2 21 -14 -18 18 1 -3
-4 -2 21 -14 -18 19 -3 0
-4 -2 21 -14 -17 14 4 -3
-4 -2 21 -13 -22 20 5 -6
-4 -2 22 -30 16 -3 0 0
-4 -2 22 -29 14 -2 0 0
-4 -2 22 -28 11 1 -1 0
-4 -2 22 -28 12 -1 0 0
-4 -2 22 -28 13 -2 0 0
-4 -2 22 -27 8 4 -2 0
-4 -2 22 -27 9 2 -1 0
-4 -2 22 -27 10 0 0 0
-4 -2 22 -27 11 -1 0 0
-4 -2 22 -26 4 10 -6 1
-4 -2 22 -26 5 7 -3 0
-4 -2 22 -26 6 5 -2 0
-4 -2 22 -26 7 3 -1 0
-4 -2 22 -26 8 1 0 0
-4 -2 22 -26 8 2 -1 0
-4 -2 22 -26 9 0 0 0
-4 -2 22 -26 10 -1 0 0
-4 -2 22 -25 1 13 -7 1
-4 -2 22 -25 2 10 -4 0
-4 -2 22 -25 3 8 -3 0
-4 -2 22 -25 4 6 -2 0
-4 -2 22 -25 5 4 -1 0
-4 -2 22 -25 6 2 0 0
-4 -2 22 -25 6 3 -1 0
-4 -2 22 -25 7 1 0 0
-4 -2 22 -25 8 0 0 0
-4 -2 22 -25 9 -1 0 0
-4 -2 22 -24 -2 16 -8 1
-4 -2 22 -24 -1 13 -5 0
-4 -2 22 -24 -1 14 -7 1
-4 -2 22 -24 0 10 -2 -1
-4 -2 22 -24 0 11 -4 0
-4 -2 22 -24 1 9 -3 0
-4 -2 22 -24 2 7 -2 0
-4 -2 22 -24 3 5 -1 0
-4 -2 22 -24 3 6 -2 0
-4 -2 22 -24 4 3 0 0
-4 -2 22 -24 4 4 -1 0
-4 -2 22 -24 5 2 0 0
-4 -2 22 -24 5 3 -1 0
-4 -2 22 -24 6 0 0 0
-4 -2 22 -24 6 1 0 0
-4 -2 22 -24 7 0 0 0
-4 -2 22 -24 9 -1 0 0
-4 -2 22 -23 -6 22 -12 2
-4 -2 22 -23 -5 19 -9 1
-4 -2 22 -23 -4 16 -6 0
-4 -2 22 -23 -4 17 -8 1
-4 -2 22 -23 -3 13 -3 -1
-4 -2 22 -23 -3 14 -5 0
-4 -2 22 -23 -2 11 -2 -1
-4 -2 22 -23 -2 12 -4 0
-4 -2 22 -23 -1 9 -1 -1
-4 -2 22 -23 -1 10 -3 0
-4 -2 22 -23 0 8 -2 0
-4 -2 22 -23 1 5 0 0
-4 -2 22 -23 1 6 -1 0
-4 -2 22 -23 1 7 -2 0
-4 -2 22 -23 2 4 0 0
-4 -2 22 -23 2 5 -1 0
-4 -2 22 -23 3 3 0 0
-4 -2 22 -23 3 4 -1 0
-4 -2 22 -23 4 1 0 0
-4 -2 22 -23 4 2 0 0
-4 -2 22 -23 5 0 0 0
-4 -2 22 -23 5 1 0 0
-4 -2 22 -23 6 0 0 0
-4 -2 22 -22 -10 28 -16 3
-4 -2 22 -22 -9 25 -13 2
-4 -2 22 -22 -8 22 -10 1
-4 -2 22 -22 -7 19 -7 0
-4 -2 22 -22 -7 20 -9 1
-4 -2 22 -22 -6 16 -4 -1
-4 -2 22 -22 -6 17 -6 0
-4 -2 22 -22 -6 18 -8 1
-4 -2 22 -22 -5 13 -1 -2
-4 -2 22 -22 -5 14 -3 -1
-4 -2 22 -22 -5 15 -5 0
-4 -2 22 -22 -4 12 -2 -1
-4 -2 22 -22 -4 13 -4 0
-4 -2 22 -22 -4 15 -7 1
-4 -2 22 -22 -3 10 -1 -1
-4 -2 22 -22 -3 11 -3 0
-4 -2 22 -22 -2 8 -1 0
-4 -2 22 -22 -2 9 -2 0
-4 -2 22 -22 -2 10 -3 0
-4 -2 22 -22 -1 6 0 0
-4 -2 22 -22 -1 7 -1 0
-4 -2 22 -22 -1 8 -2 0
-4 -2 22 -22 0 5 0 0
-4 -2 22 -22 0 6 -1 0
-4 -2 22 -22 0 7 -2 0
-4 -2 22 -22 1 3 0 0
-4 -2 22 -22 1 4 0 0
-4 -2 22 -22 1 5 -1 0
-4 -2 22 -22 2 2 0 0
-4 -2 22 -22 2 3 0 0
-4 -2 22 -22 3 0 0 0
-4 -2 22 -21 -13 31 -17 3
-4 -2 22 -21 -12 28 -14 2
-4 -2 22 -21 -11 25 -11 1
-4 -2 22 -21 -11 26 -13 2
-4 -2 22 -21 -10 22 -8 0
-4 -2 22 -21 -10 23 -10 1
-4 -2 22 -21 -9 19 -5 -1
-4 -2 22 -21 -9 20 -7 0
-4 -2 22 -21 -9 21 -9 1
-4 -2 22 -21 -8 16 -2 -2
-4 -2 22 -21 -8 17 -4 -1
-4 -2 22 -21 -8 18 -6 0
-4 -2 22 -21 -8 19 -8 1
-4 -2 22 -21 -7 14 -1 -2
-4 -2 22 -21 -7 15 -3 -1
-4 -2 22 -21 -7 16 -5 0
-4 -2 22 -21 -6 13 -3 0
-4 -2 22 -21 -6 13 -2 -1
-4 -2 22 -21 -6 14 -4 0
-4 -2 22 -21 -5 10 0 -1
-4 -2 22 -21 -5 11 -2 0
-4 -2 22 -21 -5 11 -1 -1
-4 -2 22 -21 -5 12 -3 0
-4 -2 22 -21 -5 13 -4 0
-4 -2 22 -21 -4 9 -1 0
-4 -2 22 -21 -4 10 -2 0
-4 -2 22 -21 -4 11 -3 0
-4 -2 22 -21 -3 6 1 0
-4 -2 22 -21 -3 7 0 0
-4 -2 22 -21 -3 8 -1 0
-4 -2 22 -21 -3 9 -2 0
-4 -2 22 -21 -2 6 -1 0
-4 -2 22 -21 -2 6 0 0
-4 -2 22 -20 -17 37 -21 4
-4 -2 22 -20 -16 34 -18 3
-4 -2 22 -20 -15 31 -15 2
-4 -2 22 -20 -14 28 -12 1
-4 -2 22 -20 -14 29 -14 2
-4 -2 22 -20 -13 25 -9 0
-4 -2 22 -20 -13 26 -11 1
-4 -2 22 -20 -13 27 -13 2
-4 -2 22 -20 -12 22 -6 -1
-4 -2 22 -20 -12 23 -8 0
-4 -2 22 -20 -12 24 -10 1
-4 -2 22 -20 -11 19 -3 -2
-4 -2 22 -20 -11 20 -5 -1
-4 -2 22 -20 -11 21 -7 0
-4 -2 22 -20 -11 22 -9 1
-4 -2 22 -20 -10 16 0 -3
-4 -2 22 -20 -10 17 -2 -2
-4 -2 22 -20 -10 18 -4 -1
-4 -2 22 -20 -10 19 -6 0
-4 -2 22 -20 -9 15 -1 -2
-4 -2 22 -20 -9 16 -4 0
-4 -2 22 -20 -9 16 -3 -1
-4 -2 22 -20 -9 17 -5 0
-4 -2 22 -20 -9 19 -8 1
-4 -2 22 -20 -8 13 -1 -1
-4 -2 22 -20 -8 13 0 -2
-4 -2 22 -20 -8 14 -3 0
-4 -2 22 -20 -8 14 -2 -1
-4 -2 22 -20 -8 15 -4 0
-4 -2 22 -20 -7 11 0 -1
-4 -2 22 -20 -7 12 -2 0
-4 -2 22 -20 -7 12 -1 -1
-4 -2 22 -20 -7 13 -3 0
-4 -2 22 -20 -6 9 0 0
-4 -2 22 -19 -19 37 -19 3
-4 -2 22 -19 -18 34 -16 2
-4 -2 22 -19 -18 35 -18 3
-4 -2 22 -19 -17 31 -13 1
-4 -2 22 -19 -17 32 -15 2
-4 -2 22 -19 -16 28 -10 0
-4 -2 22 -19 -16 29 -12 1
-4 -2 22 -19 -16 30 -14 2
-4 -2 22 -19 -15 25 -7 -1
-4 -2 22 -19 -15 26 -9 0
-4 -2 22 -19 -15 27 -11 1
-4 -2 22 -19 -14 22 -4 -2
-4 -2 22 -19 -14 23 -6 -1
-4 -2 22 -19 -14 24 -8 0
-4 -2 22 -19 -14 25 -10 1
-4 -2 22 -19 -13 19 -1 -3
-4 -2 22 -19 -13 20 -3 -2
-4 -2 22 -19 -13 21 -5 -1
-4 -2 22 -19 -13 22 -7 0
-4 -2 22 -19 -13 23 -9 1
-4 -2 22 -19 -12 17 0 -3
-4 -2 22 -19 -12 18 -3 -1
-4 -2 22 -19 -12 18 -2 -2
-4 -2 22 -19 -12 19 -5 0
-4 -2 22 -19 -12 19 -4 -1
-4 -2 22 -19 -12 20 -6 0
-4 -2 22 -19 -11 15 0 -2
-4 -2 22 -19 -11 15 1 -3
-4 -2 22 -18 -21 37 -17 2
-4 -2 22 -18 -20 34 -14 1
-4 -2 22 -18 -20 35 -16 2
-4 -2 22 -18 -19 31 -11 0
-4 -2 22 -18 -19 32 -13 1
-4 -2 22 -18 -19 33 -15 2
-4 -2 22 -18 -18 28 -8 -1
-4 -2 22 -18 -18 29 -10 0
-4 -2 22 -18 -18 30 -12 1
-4 -2 22 -18 -18 31 -14 2
-4 -2 22 -18 -17 25 -5 -2
-4 -2 22 -18 -17 26 -7 -1
-4 -2 22 -18 -17 27 -9 0
-4 -2 22 -18 -16 21 0 -4
-4 -2 22 -18 -16 22 -2 -3
-4 -2 22 -17 -22 34 -12 0
-4 -2 23 -32 17 -3 0 0
-4 -2 23 -31 14 0 -1 0
-4 -2 23 -31 15 -2 0 0
-4 -2 23 -30 11 3 -2 0
-4 -2 23 -30 12 1 -1 0
-4 -2 23 -30 13 -1 0 0
-4 -2 23 -30 14 -2 0 0
-4 -2 23 -29 7 9 -6 1
-4 -2 23 -29 8 6 -3 0
-4 -2 23 -29 9 4 -2 0
-4 -2 23 -29 10 2 -1 0
-4 -2 23 -29 11 0 0 0
-4 -2 23 -29 12 -1 0 0
-4 -2 23 -28 4 12 -7 1
-4 -2 23 -28 5 9 -4 0
-4 -2 23 -28 6 7 -3 0
-4 -2 23 -28 7 5 -2 0
-4 -2 23 -28 8 3 -1 0
-4 -2 23 -28 9 1 0 0
-4 -2 23 -28 9 2 -1 0
-4 -2 23 -28 10 0 0 0
-4 -2 23 -28 11 -1 0 0
-4 -2 23 -27 0 18 -11 2
-4 -2 23 -27 1 15 -8 1
-4 -2 23 -27 2 12 -5 0
-4 -2 23 -27 2 13 -7 1
-4 -2 23 -27 3 9 -2 -1
-4 -2 23 -27 3 10 -4 0
-4 -2 23 -27 4 8 -3 0
-4 -2 23 -27 5 6 -2 0
-4 -2 23 -27 6 4 -1 0
-4 -2 23 -27 7 2 0 0
-4 -2 23 -27 7 3 -1 0
-4 -2 23 -27 8 1 0 0
-4 -2 23 -27 9 0 0 0
-4 -2 23 -26 -3 21 -12 2
-4 -2 23 -26 -2 18 -9 1
-4 -2 23 -26 -1 15 -6 0
-4 -2 23 -26 -1 16 -8 1
-4 -2 23 -26 0 12 -3 -1
-4 -2 23 -26 0 13 -5 0
-4 -2 23 -26 0 14 -7 1
-4 -2 23 -26 1 10 -2 -1
-4 -2 23 -26 1 11 -4 0
-4 -2 23 -26 2 9 -3 0
-4 -2 23 -26 3 7 -2 0
-4 -2 23 -26 4 4 0 0
-4 -2 23 -26 4 5 -1 0
-4 -2 23 -26 4 6 -2 0
-4 -2 23 -26 5 3 0 0
-4 -2 23 -25 -7 27 -16 3
-4 -2 23 -25 -6 24 -13 2
-4 -2 23 -25 -5 21 -10 1
-4 -2 23 -25 -5 22 -12 2
-4 -2 23 -25 -4 18 -7 0
-4 -2 23 -25 -4 19 -9 1
-4 -2 23 -25 -3 15 -4 -1
-4 -2 23 -25 -3 16 -6 0
-4 -2 23 -25 -3 17 -8 1
-4 -2 23 -25 -2 13 -3 -1
-4 -2 23 -25 -2 14 -5 0
-4 -2 23 -25 -1 11 -2 -1
-4 -2 23 -25 -1 12 -4 0
-4 -2 23 -25 0 9 -2 0
-4 -2 23 -25 0 10 -3 0
-4 -2 23 -24 -11 33 -20 4
-4 -2 23 -24 -10 30 -17 3
-4 -2 23 -24 -9 27 -14 2
-4 -2 23 -24 -8 24 -11 1
-4 -2 23 -24 -8 25 -13 2
-4 -2 23 -24 -7 21 -8 0
-4 -2 23 -24 -7 22 -10 1
-4 -2 23 -24 -6 18 -5 -1
-4 -2 23 -24 -6 19 -7 0
-4 -2 23 -24 -6 20 -9 1
-4 -2 23 -24 -5 15 -2 -2
-4 -2 23 -24 -5 16 -4 -1
-4 -2 23 -24 -5 17 -6 0
-4 -2 23 -23 -14 36 -21 4
-4 -2 23 -23 -13 33 -18 3
-4 -2 23 -23 -12 30 -15 2
-4 -2 23 -23 -12 31 -17 3
-4 -2 23 -23 -11 27 -12 1
-4 -2 23 -23 -11 28 -14 2
-4 -2 23 -23 -10 24 -9 0
-4 -2 23 -22 -18 42 -25 5
-4 -2 23 -22 -17 39 -22 4
-4 -2 23 -22 -16 36 -19 3
-4 -2 23 -21 -22 48 -29 6
-4 -2 24 -35 20 -4 0 0
-4 -2 24 -34 17 -1 -1 0
-4 -2 24 -34 18 -3 0 0
-4 -2 24 -33 14 2 -2 0
-4 -2 24 -33 15 0 -1 0
-4 -2 24 -33 16 -2 0 0
-4 -2 24 -33 17 -3 0 0
-4 -2 24 -32 10 8 -6 1
-4 -2 24 -32 11 5 -3 0
-4 -2 24 -32 12 3 -2 0
-4 -2 24 -32 13 1 -1 0
-4 -2 24 -32 14 -1 0 0
-4 -2 24 -32 15 -2 0 0
-4 -2 24 -31 6 14 -10 2
-4 -2 24 -31 7 11 -7 1
-4 -2 24 -31 8 8 -4 0
-4 -2 24 -31 8 9 -6 1
-4 -2 24 -31 9 6 -3 0
-4 -2 24 -31 10 4 -2 0
-4 -2 24 -31 11 2 -1 0
-4 -2 24 -31 12 0 0 0
-4 -2 24 -30 3 17 -11 2
-4 -2 24 -30 4 14 -8 1
-4 -2 24 -30 5 11 -5 0
-4 -2 24 -30 5 12 -7 1
-4 -2 24 -30 6 9 -4 0
-4 -2 24 -30 7 7 -3 0
-4 -2 24 -29 -1 23 -15 3
-4 -2 24 -29 0 20 -12 2
-4 -2 24 -29 1 17 -9 1
-4 -2 24 -29 2 14 -6 0
-4 -2 24 -28 -5 29 -19 4
-4 -2 24 -28 -4 26 -16 3
-4 -2 25 -38 23 -5 0 0
-4 -2 25 -37 20 -2 -1 0
-4 -2 25 -37 21 -4 0 0
-4 -2 25 -36 16 4 -5 1
-4 -2 25 -36 17 1 -2 0
-4 -2 25 -36 18 -1 -1 0
-4 -2 25 -36 19 -3 0 0
-4 -2 25 -35 13 7 -6 1
-4 -2 25 -35 14 4 -3 0
-4 -2 26 -42 29 -9 1 0
-4 -2 26 -41 26 -6 0 0
-4 -2 16 -3 -9 -2 0 0
-4 -2 11 5 -5 -2 0 0
-4 -2 11 7 0 0 0 0
-4 -2 13 3 -6 1 0 0
-4 -2 15 -1 -12 4 0 0
-4 -2 15 3 -18 -4 7 2
-4 -2 13 5 -3 -1 0 0
-4 -2 15 1 -9 2 0 0
-4 -2 17 -3 -15 7 0 0
-4 -2 17 -1 -19 1 6 1
-4 -2 17 1 -21 -3 7 2
-4 -2 19 -7 -21 14 0 0
-4 -2 18 -3 -22 5 7 -2
-4 -2 16 1 -13 2 0 0
-4 -2 18 -1 -22 3 6 1
-4 -2 20 -7 -24 16 0 0
-4 -2 22 -11 -30 25 0 0
-4 -2 16 1 -13 2 0 0
-4 -2 18 -3 -22 5 7 -2
-4 -2 13 5 -3 -1 0 0
-4 -2 15 1 -9 2 0 0
-4 -2 17 1 -21 -3 7 2
-4 -2 17 -3 -15 7 0 0
-4 -2 17 -1 -19 1 6 1
-4 -2 19 -7 -21 14 0 0
-4 -2 11 7 0 0 0 0
-4 -2 13 3 -6 1 0 0
-4 -2 15 3 -18 -4 7 2
-4 -2 15 -1 -12 4 0 0
-4 -2 11 5 -5 -2 0 0
-4 -2 16 -3 -9 -2 0 0
-4 -2 7 -1 0 0 0 0
-4 -2 11 5 -5 -2 0 0
-4 -2 13 5 -3 -1 0 0
-4 -2 15 3 -18 -4 7 2
-4 -2 12 -7 0 0 0 0
-4 -2 14 -7 -2 1 0 0
-4 -2 12 -3 -5 2 0 0
-4 -2 14 -5 -11 7 1 -1
-4 -2 14 -3 -7 -1 0 0
-4 -2 16 -7 -13 8 3 -2
-4 -2 16 -3 -9 -2 0 0
-4 -2 18 -9 -15 11 1 -1
-4 -2 16 -1 -16 -2 4 1
-4 -2 16 1 -16 -4 0 0
-4 -2 18 -3 -22 5 7 -2
-4 -2 20 -7 -28 16 12 -8
-4 -2 16 5 -21 -12 3 2
-4 -2 15 -11 -1 2 0 0
-4 -2 15 -9 0 0 0 0
-4 -2 17 -11 -8 7 1 -1
-4 -2 17 -9 -6 1 0 0
-4 -2 19 -13 -14 16 -1 -2
-4 -2 19 -9 -12 4 0 0
-4 -2 21 -15 -20 27 -7 -1
-4 -2 17 -7 -7 -1 0 0
-4 -2 19 -11 -17 14 4 -4
-4 -2 19 -9 -15 6 3 -1
-4 -2 21 -13 -23 21 6 -7
-4 -2 17 -5 -10 1 0 0
-4 -2 19 -9 -22 20 -1 -2
-4 -2 19 -7 -18 6 3 -1
-4 -2 17 -3 -15 7 0 0
-4 -2 14 -5 -11 7 1 -1
-4 -2 14 -7 -2 1 0 0
-4 -2 16 -7 -12 8 0 0
-4 -2 18 -3 -22 5 7 -2
-4 -2 16 -7 -5 2 0 0
-4 -2 18 -9 -15 11 1 -1
-4 -2 18 -7 -15 7 0 0
-4 -2 16 -7 0 0 0 0
-4 -2 18 -7 -10 1 0 0
-4 -2 20 -11 -20 16 4 -4
-4 -2 20 -7 -20 4 0 0
-4 -2 18 -7 -7 -1 0 0
-4 -2 20 -11 -17 12 3 -2
-4 -2 18 -7 -6 1 0 0
-4 -2 20 -7 -20 4 0 0
-4 -2 11 5 -5 -2 0 0
-4 -2 13 3 -6 1 0 0
-4 -2 15 1 -16 -2 4 1
-4 -2 15 3 -18 -4 7 2
-4 -2 15 1 -9 2 0 0
-4 -2 17 -1 -19 1 6 1
-4 -2 17 1 -21 -3 7 2
-4 -2 15 -1 0 0 0 0
-4 -2 19 -7 -18 6 3 -1
-4 -2 20 -7 -28 16 12 -8
-4 -2 11 5 -5 -2 0 0
-4 -2 16 -3 -9 -2 0 0
-4 -2 20 -7 -20 4 0 0
-4 -2 11 5 -5 -2 0 0
-4 -2 15 -1 -12 4 0 0
-4 -2 15 3 -18 -4 7 2
-4 -2 19 -7 -21 14 0 0
-4 -2 14 -5 -11 7 1 -1
-4 -2 16 1 -16 -4 0 0
-4 -2 18 -3 -22 5 7 -2
-4 -2 20 -7 -28 16 12 -8
-4 -2 16 5 -21 -12 3 2
-4 -2 15 3 -18 -4 7 2
-4 -2 24 -23 -15 27 -5 -3
-4 -2 29 -40 -1 37 -24 4
-4 -2 29 -38 -14 66 -51 13
-4 -2 27 -32 -12 45 -29 6
-4 -2 25 -26 -10 26 -11 1
-4 -2 25 -22 -20 24 0 0
-4 -2 27 -30 -23 64 -42 9
-4 -2 25 -24 -21 45 -24 4
-4 -2 23 -18 -19 28 -10 1
-4 -2 23 -16 -23 22 0 0
-4 -2 23 -14 -29 24 5 -2
-4 -2 21 -12 -17 13 0 0
-4 -2 22 -13 -22 15 3 -2
-4 -2 24 -19 -27 43 -17 1
-4 -2 22 -11 -30 25 0 0
-4 -2 20 -7 -24 16 0 0
-4 -2 18 -1 -22 3 6 1
-4 -2 24 -19 -27 43 -17 1
-4 -2 22 -13 -22 15 3 -2
-4 -2 27 -30 -23 64 -42 9
-4 -2 25 -24 -21 45 -24 4
-4 -2 23 -14 -29 24 5 -2
-4 -2 23 -18 -19 28 -10 1
-4 -2 23 -16 -23 22 0 0
-4 -2 21 -12 -17 13 0 0
-4 -2 29 -38 -14 66 -51 13
-4 -2 27 -32 -12 45 -29 6
-4 -2 25 -22 -20 24 0 0
-4 -2 25 -26 -10 26 -11 1
-4 -2 29 -40 -1 37 -24 4
-4 -2 24 -23 -15 27 -5 -3
-4 -2 33 -66 58 -22 1 1
-4 -2 29 -40 -1 37 -24 4
-4 -2 27 -30 -23 64 -42 9
-4 -2 25 -22 -20 24 0 0
-4 -2 28 -47 32 -8 0 0
-4 -2 26 -37 14 7 -6 1
-4 -2 28 -43 21 3 -5 1
-4 -2 26 -35 15 -2 0 0
-4 -2 26 -33 3 14 -3 -2
-4 -2 24 -27 5 1 0 0
-4 -2 24 -23 -15 27 -5 -3
-4 -2 22 -19 -5 6 0 0
-4 -2 24 -21 -16 18 4 -3
-4 -2 24 -19 -24 28 4 -8
-4 -2 22 -13 -22 15 3 -2
-4 -2 20 -7 -20 4 0 0
-4 -2 24 -15 -35 29 16 -12
-4 -2 25 -36 19 -3 0 0
-4 -2 25 -34 10 10 -7 1
-4 -2 23 -26 6 1 0 0
-4 -2 23 -24 -4 13 -1 -2
-4 -2 21 -18 0 0 0 0
-4 -2 21 -14 -18 18 1 -3
-4 -2 19 -10 -6 1 0 0
-4 -2 23 -22 -11 20 -2 -3
-4 -2 21 -16 -5 1 0 0
-4 -2 21 -14 -15 11 3 -2
-4 -2 19 -8 -11 -2 0 0
-4 -2 23 -20 -16 25 -5 -2
-4 -2 21 -14 -8 4 0 0
-4 -2 21 -12 -20 14 4 -3
-4 -2 23 -18 -19 28 -10 1
-4 -2 26 -35 15 -2 0 0
-4 -2 26 -37 14 7 -6 1
-4 -2 24 -27 4 4 0 0
-4 -2 22 -13 -22 15 3 -2
-4 -2 24 -27 -3 19 -9 1
-4 -2 22 -19 -5 6 0 0
-4 -2 22 -17 -13 14 1 -2
-4 -2 24 -27 -8 32 -20 4
-4 -2 22 -17 -18 23 -2 -3
-4 -2 20 -11 -12 4 0 0
-4 -2 20 -7 -28 16 12 -8
-4 -2 22 -17 -21 30 -7 -2
-4 -2 20 -11 -15 9 0 0
-4 -2 22 -17 -22 35 -14 1
-4 -2 20 -7 -28 16 12 -8
-4 -2 29 -40 -1 37 -24 4
-4 -2 27 -32 -12 45 -29 6
-4 -2 25 -24 -14 20 1 -2
-4 -2 25 -22 -20 24 0 0
-4 -2 25 -24 -21 45 -24 4
-4 -2 23 -16 -23 22 0 0
-4 -2 23 -14 -29 24 5 -2
-4 -2 25 -26 -22 58 -39 9
-4 -2 21 -12 -20 14 4 -3
-4 -2 20 -7 -20 4 0 0
-4 -2 29 -40 -1 37 -24 4
-4 -2 24 -23 -15 27 -5 -3
-4 -2 20 -7 -28 16 12 -8
-4 -2 29 -40 -1 37 -24 4
-4 -2 25 -26 -10 26 -11 1
-4 -2 25 -22 -20 24 0 0
-4 -2 21 -12 -17 13 0 0
-4 -2 26 -35 15 -2 0 0
-4 -2 24 -19 -24 28 4 -8
-4 -2 22 -13 -22 15 3 -2
-4 -2 20 -7 -20 4 0 0
-4 -2 24 -15 -35 29 16 -12
-4 -2 25 -22 -20 24 0 0
