0 -12 -3 22 11 -3 0 0
0 -12 0 0 0 0 0 0
0 -12 0 24 0 -9 0 0
0 -12 0 27 0 0 0 0
0 -12 3 22 -11 -3 0 0
0 -12 -2 48 12 -71 -12 36
0 -12 -5 29 17 -19 -12 1
0 -12 -4 34 8 -36 -4 13
0 -12 -2 48 12 -71 -12 36
0 -12 -11 33 62 31 -1 -3
0 -12 -8 36 48 16 0 0
0 -12 -6 38 36 -3 -6 1
0 -12 -6 40 36 -15 -12 4
0 -12 -4 38 24 -8 -4 1
0 -12 -4 40 24 -20 -8 4
0 -12 -4 42 24 -32 -12 9
0 -12 -4 44 24 -44 -16 16
0 -12 -2 38 12 -11 -2 1
0 -12 -2 40 12 -23 -4 4
0 -12 -2 42 12 -35 -6 9
0 -12 -2 44 12 -47 -8 16
0 -12 -2 46 12 -59 -10 25
0 -12 0 36 0 0 0 0
0 -12 0 38 0 -12 0 1
0 -12 0 40 0 -24 0 4
0 -12 0 42 0 -36 0 9
0 -12 0 44 0 -48 0 16
0 -12 0 46 0 -60 0 25
0 -12 2 38 -12 -11 2 1
0 -12 2 40 -12 -23 4 4
0 -12 2 42 -12 -35 6 9
0 -12 2 44 -12 -47 8 16
0 -12 2 46 -12 -59 10 25
0 -12 4 38 -24 -8 4 1
0 -12 4 40 -24 -20 8 4
0 -12 4 42 -24 -32 12 9
0 -12 4 44 -24 -44 16 16
0 -12 6 38 -36 -3 6 1
0 -12 6 40 -36 -15 12 4
0 -12 8 36 -48 16 0 0
0 -12 -11 33 62 31 -1 -3
0 -12 -4 34 8 -36 -4 13
0 -12 -2 48 12 -71 -12 36
0 -12 -5 29 17 -19 -12 1
0 -12 -2 48 12 -71 -12 36
0 -12 2 48 -12 -71 12 36
0 -12 5 29 -17 -19 12 1
0 -12 4 34 -8 -36 4 13
0 -12 2 48 -12 -71 12 36
0 -12 11 33 -62 31 1 -3
0 -12 8 36 -48 16 0 0
0 -12 6 38 -36 -3 6 1
0 -12 6 40 -36 -15 12 4
0 -12 4 38 -24 -8 4 1
0 -12 4 40 -24 -20 8 4
0 -12 4 42 -24 -32 12 9
0 -12 4 44 -24 -44 16 16
0 -12 2 38 -12 -11 2 1
0 -12 2 40 -12 -23 4 4
0 -12 2 42 -12 -35 6 9
0 -12 2 44 -12 -47 8 16
0 -12 2 46 -12 -59 10 25
0 -12 0 36 0 0 0 0
0 -12 0 38 0 -12 0 1
0 -12 0 40 0 -24 0 4
0 -12 0 42 0 -36 0 9
0 -12 0 44 0 -48 0 16
0 -12 0 46 0 -60 0 25
0 -12 -2 38 12 -11 -2 1
0 -12 -2 40 12 -23 -4 4
0 -12 -2 42 12 -35 -6 9
0 -12 -2 44 12 -47 -8 16
0 -12 -2 46 12 -59 -10 25
0 -12 -4 38 24 -8 -4 1
0 -12 -4 40 24 -20 -8 4
0 -12 -4 42 24 -32 -12 9
0 -12 -4 44 24 -44 -16 16
0 -12 -6 38 36 -3 -6 1
0 -12 -6 40 36 -15 -12 4
0 -12 -8 36 48 16 0 0
0 -12 11 33 -62 31 1 -3
0 -12 4 34 -8 -36 4 13
0 -12 2 48 -12 -71 12 36
0 -12 5 29 -17 -19 12 1
0 -12 2 48 -12 -71 12 36
