-2 -7 4 4 0 0 0 0
-2 -7 5 0 0 0 0 0
-2 -7 6 4 -1 0 0 0
-2 -7 7 8 -4 0 0 0
-2 -7 8 4 -5 1 0 0
-2 -7 8 6 -4 -2 0 0
-2 -7 8 10 2 0 0 0
-2 -7 9 9 -11 -1 2 0
-2 -7 9 9 -7 1 0 0
-2 -7 9 10 -7 -5 0 0
-2 -7 10 8 -7 -2 0 0
-2 -7 10 9 -10 0 0 0
-2 -7 11 -3 0 0 0 0
-2 -7 11 3 -7 1 0 0
-2 -7 5 16 8 1 0 0
-2 -7 7 14 0 0 0 0
-2 -7 6 20 6 -7 -2 1
-2 -7 8 16 0 0 0 0
-2 -7 10 16 -10 -7 2 1
-2 -7 10 18 -12 -15 4 4
-2 -7 12 14 -18 -4 4 1
-2 -7 12 16 -20 -12 8 4
-2 -7 14 12 -26 1 6 1
-2 -7 5 16 8 1 0 0
-2 -7 7 14 0 0 0 0
-2 -7 3 16 11 2 0 0
-2 -7 2 6 -1 -1 0 0
-2 -7 4 8 -1 -2 0 0
-2 -7 6 10 -1 -1 0 0
-2 -7 6 12 -6 -7 2 1
-2 -7 8 16 -4 -8 0 0
-2 -7 5 6 -1 -1 0 0
-2 -7 9 10 -9 -1 0 0
-2 -7 7 10 -4 -4 0 0
-2 -7 9 10 -12 -3 5 -1
-2 -7 9 12 -8 -7 0 0
-2 -7 7 12 -5 -2 0 0
-2 -7 9 12 -13 -3 5 -1
-2 -7 7 16 -2 -8 0 1
-2 -7 2 6 -1 -1 0 0
-2 -7 4 8 0 0 0 0
-2 -7 6 12 -6 -7 2 1
-2 -7 6 10 -1 -1 0 0
-2 -7 8 12 -9 -8 3 2
-2 -7 8 14 -7 -10 0 1
-2 -7 8 12 -4 -4 0 0
-2 -7 10 12 -14 -7 6 1
-2 -7 10 16 -10 -15 -2 1
-2 -7 10 16 -10 -7 2 1
-2 -7 5 16 1 -9 -2 1
-2 -7 5 16 8 1 0 0
-2 -7 7 16 -2 -8 0 1
-2 -7 6 20 6 -7 -2 1
-2 -7 8 16 -4 -8 0 0
-2 -7 8 16 -4 -8 0 0
-2 -7 14 12 -26 1 6 1
-2 -7 12 14 -18 -4 4 1
-2 -7 12 16 -20 -12 8 4
-2 -7 10 16 -10 -7 2 1
-2 -7 10 18 -12 -15 4 4
-2 -7 8 16 0 0 0 0
-2 -7 6 20 6 -7 -2 1
-2 -7 8 16 -4 -8 0 0
-2 -7 21 -17 3 1 0 0
-2 -7 16 -8 0 0 0 0
-2 -7 12 14 -18 -4 4 1
-2 -7 10 16 -10 -15 -2 1
-2 -7 11 9 -16 -1 7 -2
-2 -7 11 9 -9 -2 0 0
-2 -7 12 4 -12 4 0 0
-2 -7 10 12 -14 -7 6 1
-2 -7 8 16 -4 -8 0 0
-2 -7 6 20 6 -7 -2 1
-2 -7 10 10 -12 1 0 0
-2 -7 10 12 -14 -7 6 1
-2 -7 8 16 -4 -8 0 0
-2 -7 13 7 -21 9 0 0
-2 -7 8 16 -4 -8 0 0
-2 -7 6 20 6 -7 -2 1
-2 -7 8 16 -4 -8 0 0
-2 -7 10 12 -14 -7 6 1
-2 -7 8 16 -4 -8 0 0
