-4 -1 14 -14 4 0 0 0
-4 -1 15 -16 5 0 0 0
-4 -1 15 -15 3 1 0 0
-4 -1 15 -15 4 0 0 0
-4 -1 15 -14 1 2 0 0
-4 -1 15 -14 2 1 0 0
-4 -1 15 -14 3 0 0 0
-4 -1 15 -13 2 0 0 0
-4 -1 15 -13 3 0 0 0
-4 -1 16 -19 8 -1 0 0
-4 -1 16 -18 6 0 0 0
-4 -1 16 -17 3 3 -1 0
-4 -1 16 -17 4 1 0 0
-4 -1 16 -17 5 0 0 0
-4 -1 16 -16 1 4 -1 0
-4 -1 16 -16 2 2 0 0
-4 -1 16 -16 3 1 0 0
-4 -1 16 -16 4 0 0 0
-4 -1 16 -15 -2 7 -2 0
-4 -1 16 -15 -1 5 -1 0
-4 -1 16 -15 0 3 0 0
-4 -1 16 -15 0 4 -1 0
-4 -1 16 -15 1 2 0 0
-4 -1 16 -15 2 1 0 0
-4 -1 16 -15 3 0 0 0
-4 -1 16 -14 -2 4 0 0
-4 -1 16 -14 -1 3 0 0
-4 -1 16 -14 0 2 0 0
-4 -1 16 -14 1 0 0 0
-4 -1 16 -14 1 1 0 0
-4 -1 16 -14 2 0 0 0
-4 -1 16 -14 3 0 0 0
-4 -1 16 -13 -1 1 0 0
-4 -1 16 -13 -1 2 0 0
-4 -1 16 -13 0 0 0 0
-4 -1 16 -13 0 1 0 0
-4 -1 16 -13 1 0 0 0
-4 -1 16 -13 1 1 0 0
-4 -1 16 -13 2 0 0 0
-4 -1 17 -21 9 -1 0 0
-4 -1 17 -20 6 2 -1 0
-4 -1 17 -20 7 0 0 0
-4 -1 17 -20 8 -1 0 0
-4 -1 17 -19 4 3 -1 0
-4 -1 17 -19 5 1 0 0
-4 -1 17 -19 6 0 0 0
-4 -1 17 -18 1 6 -2 0
-4 -1 17 -18 2 4 -1 0
-4 -1 17 -18 3 2 0 0
-4 -1 17 -18 4 1 0 0
-4 -1 17 -18 5 0 0 0
-4 -1 17 -17 -2 9 -3 0
-4 -1 17 -17 -1 7 -2 0
-4 -1 17 -17 0 5 -1 0
-4 -1 17 -17 1 3 0 0
-4 -1 17 -17 1 4 -1 0
-4 -1 17 -17 2 2 0 0
-4 -1 17 -17 3 1 0 0
-4 -1 17 -17 4 0 0 0
-4 -1 17 -16 -5 12 -4 0
-4 -1 17 -16 -4 9 -1 -1
-4 -1 17 -16 -4 10 -3 0
-4 -1 17 -16 -3 8 -2 0
-4 -1 17 -16 -2 6 -1 0
-4 -1 17 -16 -1 4 0 0
-4 -1 17 -16 -1 5 -1 0
-4 -1 17 -16 0 3 0 0
-4 -1 17 -16 1 2 0 0
-4 -1 17 -16 2 0 0 0
-4 -1 17 -16 2 1 0 0
-4 -1 17 -16 3 0 0 0
-4 -1 17 -15 -5 8 0 -1
-4 -1 17 -15 -5 9 -2 0
-4 -1 17 -15 -4 7 -1 0
-4 -1 17 -15 -4 8 -2 0
-4 -1 17 -15 -3 5 0 0
-4 -1 17 -15 -3 6 -1 0
-4 -1 17 -15 -2 4 0 0
-4 -1 17 -15 -2 5 -1 0
-4 -1 17 -15 -1 2 0 0
-4 -1 17 -15 -1 3 0 0
-4 -1 17 -14 -5 5 1 0
-4 -1 17 -14 -5 6 0 0
-4 -1 18 -24 12 -2 0 0
-4 -1 18 -23 10 -1 0 0
-4 -1 18 -22 7 2 -1 0
-4 -1 18 -22 8 0 0 0
-4 -1 18 -22 9 -1 0 0
-4 -1 18 -21 4 5 -2 0
-4 -1 18 -21 5 3 -1 0
-4 -1 18 -21 6 1 0 0
-4 -1 18 -21 7 0 0 0
-4 -1 18 -20 1 8 -3 0
-4 -1 18 -20 2 6 -2 0
-4 -1 18 -20 3 4 -1 0
-4 -1 18 -20 4 2 0 0
-4 -1 18 -20 4 3 -1 0
-4 -1 18 -20 5 1 0 0
-4 -1 18 -20 6 0 0 0
-4 -1 18 -19 -3 14 -7 1
-4 -1 18 -19 -2 11 -4 0
-4 -1 18 -19 -1 8 -1 -1
-4 -1 18 -19 -1 9 -3 0
-4 -1 18 -19 0 7 -2 0
-4 -1 18 -19 1 5 -1 0
-4 -1 18 -19 2 3 0 0
-4 -1 18 -18 -6 17 -8 1
-4 -1 18 -18 -5 14 -5 0
-4 -1 18 -18 -5 15 -7 1
-4 -1 18 -18 -4 11 -2 -1
-4 -1 18 -18 -4 12 -4 0
-4 -1 18 -18 -3 9 -1 -1
-4 -1 18 -18 -3 10 -3 0
-4 -1 18 -17 -8 17 -6 0
-4 -1 19 -26 13 -2 0 0
-4 -1 19 -25 10 1 -1 0
-4 -1 19 -25 11 -1 0 0
-4 -1 19 -24 7 4 -2 0
-4 -1 19 -24 8 2 -1 0
-4 -1 19 -24 9 0 0 0
-4 -1 19 -23 3 10 -6 1
-4 -1 19 -23 4 7 -3 0
-4 -1 20 -29 16 -3 0 0
