-2 -3 2 1 0 0 0 0
-2 -3 3 0 0 0 0 0
-2 -3 3 1 0 0 0 0
-2 -3 3 2 0 0 0 0
-2 -3 3 3 0 0 0 0
-2 -3 4 0 0 0 0 0
-2 -3 4 1 -1 0 0 0
-2 -3 4 1 0 0 0 0
-2 -3 4 2 -2 0 0 0
-2 -3 4 2 -1 0 0 0
-2 -3 4 2 0 0 0 0
-2 -3 4 3 -1 0 0 0
-2 -3 4 3 0 0 0 0
-2 -3 5 -1 0 0 0 0
-2 -3 5 0 -1 0 0 0
-2 -3 5 0 0 0 0 0
-2 -3 5 1 -2 0 0 0
-2 -3 5 1 -1 0 0 0
-2 -3 5 1 0 0 0 0
-2 -3 5 2 -3 0 0 0
-2 -3 5 2 -2 0 0 0
-2 -3 5 2 -1 0 0 0
-2 -3 5 3 -3 -1 0 0
-2 -3 6 -2 0 0 0 0
-2 -3 6 -1 -1 0 0 0
-2 -3 6 -1 0 0 0 0
-2 -3 6 0 -3 1 0 0
-2 -3 6 0 -2 0 0 0
-2 -3 6 0 -1 0 0 0
-2 -3 6 1 -4 1 0 0
-2 -3 6 1 -3 0 0 0
-2 -3 6 1 -2 0 0 0
-2 -3 6 2 -5 0 1 0
-2 -3 7 -3 0 0 0 0
-2 -3 7 -2 -1 0 0 0
-2 -3 7 -1 -3 1 0 0
-2 -3 7 -1 -2 0 0 0
-2 -3 7 0 -5 2 0 0
-2 -3 8 -4 0 0 0 0
-2 -3 0 0 0 0 0 0
-2 -3 3 3 0 0 0 0
-2 -3 3 3 0 0 0 0
-2 -3 0 0 0 0 0 0
-2 -3 0 0 0 0 0 0
-2 -3 3 3 0 0 0 0
-2 -3 3 3 0 0 0 0
-2 -3 0 0 0 0 0 0
-2 -3 8 -4 0 0 0 0
-2 -3 6 2 -3 -1 0 0
-2 -3 9 -4 -3 2 0 0
-2 -3 7 0 -4 1 0 0
-2 -3 6 2 -3 -1 0 0
-2 -3 6 2 -3 -1 0 0
-2 -3 7 0 -4 1 0 0
-2 -3 9 -4 -3 2 0 0
-2 -3 6 2 -3 -1 0 0
-2 -3 8 -4 0 0 0 0
-2 -3 9 -4 -3 2 0 0
-2 -3 8 -4 0 0 0 0
-2 -3 6 2 -3 -1 0 0
-2 -3 9 -4 -3 2 0 0
-2 -3 7 0 -4 1 0 0
-2 -3 6 2 -3 -1 0 0
-2 -3 9 -4 -3 2 0 0
-2 -3 8 -4 0 0 0 0
-2 -3 9 -4 -3 2 0 0
