-3 -2 4 0 0 0 0
-3 -2 5 2 -1 0 0
-3 -2 7 0 0 0 0
-3 -2 8 1 -5 0 0
-3 -2 8 1 -2 0 0
-3 -2 9 -2 -1 0 0
-3 -2 9 0 -8 1 2
-3 -2 9 1 -7 0 1
-3 -2 10 -7 1 0 0
-3 -2 11 -9 2 0 0
-3 -2 11 -4 -7 3 1
-3 -2 11 -2 -9 1 2
-3 -2 12 -11 3 0 0
-3 -2 12 -10 1 1 0
-3 -2 12 -10 2 0 0
-3 -2 12 -9 -2 4 -1
-3 -2 12 -9 -1 2 0
-3 -2 12 -9 0 1 0
-3 -2 12 -9 1 0 0
-3 -2 12 -5 -10 8 -1
-3 -2 13 -13 4 0 0
-3 -2 13 -12 2 1 0
-3 -2 13 -12 3 0 0
-3 -2 13 -11 -1 4 -1
-3 -2 13 -11 0 2 0
-3 -2 13 -11 1 1 0
-3 -2 13 -10 -4 7 -2
-3 -2 13 -10 -3 5 -1
-3 -2 13 -10 -2 3 0
-3 -2 14 -16 7 -1 0
-3 -2 14 -15 5 0 0
-3 -2 14 -14 2 3 -1
-3 -2 14 -14 3 1 0
-3 -2 14 -13 -1 6 -2
-3 -2 14 -13 0 4 -1
-3 -2 14 -13 1 2 0
-3 -2 14 -12 -4 9 -3
-3 -2 15 -18 8 -1 0
-3 -2 15 -17 5 2 -1
-3 -2 15 -16 2 5 -2
