0 -7 -7 0 0 0 0
0 -7 -6 4 4 0 0
0 -7 -6 8 12 4 0
0 -7 -5 0 0 0 0
0 -7 -5 1 0 0 0
0 -7 -5 2 0 0 0
0 -7 -5 2 1 0 0
0 -7 -5 3 2 0 0
0 -7 -4 0 0 0 0
0 -7 -4 1 0 0 0
0 -7 -4 2 0 0 0
0 -7 -4 2 1 0 0
0 -7 -4 3 0 0 0
0 -7 -4 3 1 0 0
0 -7 -4 4 0 0 0
0 -7 -4 4 1 0 0
0 -7 -4 4 2 0 0
0 -7 -4 5 2 -1 0
0 -7 -4 5 2 0 0
0 -7 -4 5 3 0 0
0 -7 -4 6 4 0 0
0 -7 -4 10 7 -3 -2
0 -7 -3 0 0 0 0
0 -7 -3 1 0 0 0
0 -7 -3 2 0 0 0
0 -7 -3 3 0 0 0
0 -7 -3 3 1 0 0
0 -7 -3 4 0 0 0
0 -7 -3 4 1 0 0
0 -7 -3 4 2 0 0
0 -7 -3 5 -1 0 0
0 -7 -3 5 0 0 0
0 -7 -3 5 1 0 0
0 -7 -3 5 2 0 0
0 -7 -3 6 1 -1 0
0 -7 -3 6 1 0 0
0 -7 -3 6 2 -1 0
0 -7 -3 6 2 0 0
0 -7 -3 6 3 0 0
0 -7 -3 7 2 -2 0
0 -7 -3 7 2 -1 0
0 -7 -3 7 2 0 0
0 -7 -3 7 3 -1 0
0 -7 -3 7 3 0 0
0 -7 -3 7 4 0 0
0 -7 -3 8 3 -2 0
0 -7 -3 8 4 -2 -1
0 -7 -3 8 4 -1 0
0 -7 -3 8 4 0 0
0 -7 -3 8 5 0 0
0 -7 -3 8 6 1 0
0 -7 -3 9 6 0 0
0 -7 -3 9 7 1 0
0 -7 -3 10 5 -2 -1
0 -7 -3 10 7 0 0
0 -7 -3 10 9 2 0
0 -7 -3 12 10 0 -1
0 -7 -2 1 0 0 0
0 -7 -2 2 0 0 0
0 -7 -2 3 0 0 0
0 -7 -2 3 1 0 0
0 -7 -2 4 0 0 0
0 -7 -2 4 1 0 0
0 -7 -2 5 -1 0 0
0 -7 -2 5 0 0 0
0 -7 -2 5 1 0 0
0 -7 -2 5 2 0 0
0 -7 -2 6 -1 0 0
0 -7 -2 6 0 0 0
0 -7 -2 6 1 -1 0
0 -7 -2 6 1 0 0
0 -7 -2 6 2 0 0
0 -7 -2 7 -2 0 0
0 -7 -2 7 -1 0 0
0 -7 -2 7 0 -1 0
0 -7 -2 7 0 0 0
0 -7 -2 7 1 -1 0
0 -7 -2 7 1 0 0
0 -7 -2 7 2 -1 0
0 -7 -2 7 2 0 0
0 -7 -2 7 3 0 0
0 -7 -2 8 0 -1 0
0 -7 -2 8 1 -2 0
0 -7 -2 8 1 -1 0
0 -7 -2 8 1 0 0
0 -7 -2 8 2 -2 0
0 -7 -2 8 2 -1 0
0 -7 -2 8 2 0 0
0 -7 -2 8 3 -1 0
0 -7 -2 8 3 0 0
0 -7 -2 8 4 0 0
0 -7 -2 9 2 -3 0
0 -7 -2 9 2 -2 0
0 -7 -2 9 2 -1 0
0 -7 -2 9 3 -3 -1
0 -7 -2 9 3 -2 0
0 -7 -2 9 3 -1 0
0 -7 -2 9 3 0 0
0 -7 -2 9 4 -1 0
0 -7 -2 9 4 0 0
0 -7 -2 9 5 0 0
0 -7 -2 9 6 1 0
0 -7 -2 10 2 -4 0
0 -7 -2 10 3 -4 -1
0 -7 -2 10 3 -3 -1
0 -7 -2 10 3 -3 0
0 -7 -2 10 3 -2 0
0 -7 -2 10 4 -3 -1
0 -7 -2 10 4 -2 0
0 -7 -2 10 4 -1 0
0 -7 -2 10 4 0 0
0 -7 -2 10 5 -2 -1
0 -7 -2 10 5 -1 0
0 -7 -2 10 5 0 0
0 -7 -2 10 6 0 0
0 -7 -2 10 7 1 0
0 -7 -2 11 4 -5 -2
0 -7 -2 11 5 -4 -2
0 -7 -2 11 5 -3 -1
0 -7 -2 11 5 -2 0
0 -7 -2 11 6 -2 -1
0 -7 -2 11 6 -1 0
0 -7 -2 11 6 0 0
0 -7 -2 11 7 -1 -1
0 -7 -2 11 7 0 0
0 -7 -2 11 7 1 0
0 -7 -2 11 8 1 0
0 -7 -2 12 3 -6 -1
0 -7 -2 12 4 -4 -1
0 -7 -2 12 7 -3 -2
0 -7 -2 12 7 -2 -1
0 -7 -2 12 8 -1 -1
0 -7 -1 1 0 0 0
0 -7 -1 2 0 0 0
0 -7 -1 3 0 0 0
0 -7 -1 4 -1 0 0
0 -7 -1 4 0 0 0
0 -7 -1 4 1 0 0
0 -7 -1 5 -1 0 0
0 -7 -1 5 0 0 0
0 -7 -1 5 1 0 0
0 -7 -1 6 -1 0 0
0 -7 -1 6 0 -1 0
0 -7 -1 6 0 0 0
0 -7 -1 6 1 -1 0
0 -7 -1 6 1 0 0
0 -7 -1 6 2 0 0
0 -7 -1 7 -2 0 0
0 -7 -1 7 -1 0 0
0 -7 -1 7 0 -1 0
0 -7 -1 7 0 0 0
0 -7 -1 7 1 -1 0
0 -7 -1 7 1 0 0
0 -7 -1 7 2 0 0
0 -7 -1 7 3 0 0
0 -7 -1 8 -3 0 0
0 -7 -1 8 -2 0 0
0 -7 -1 8 -1 -1 0
0 -7 -1 8 -1 0 0
0 -7 -1 8 0 -2 0
0 -7 -1 8 0 -1 0
0 -7 -1 8 0 0 0
0 -7 -1 8 1 -2 0
0 -7 -1 8 1 -1 0
0 -7 -1 8 1 0 0
0 -7 -1 8 2 -1 0
0 -7 -1 8 2 0 0
0 -7 -1 8 3 0 0
0 -7 -1 9 -2 -1 0
0 -7 -1 9 -1 -1 0
0 -7 -1 9 -1 0 0
0 -7 -1 9 0 -2 0
0 -7 -1 9 0 -1 0
0 -7 -1 9 0 0 0
0 -7 -1 9 1 -3 0
0 -7 -1 9 1 -2 0
0 -7 -1 9 1 -1 0
0 -7 -1 9 1 0 0
0 -7 -1 9 2 -3 -1
0 -7 -1 9 2 -2 0
0 -7 -1 9 2 -1 0
0 -7 -1 9 2 0 0
0 -7 -1 9 3 -1 0
0 -7 -1 9 3 0 0
0 -7 -1 9 4 0 0
0 -7 -1 9 6 1 0
0 -7 -1 10 -2 -3 1
0 -7 -1 10 -1 -2 0
0 -7 -1 10 0 -4 1
0 -7 -1 10 0 -3 0
0 -7 -1 10 0 -2 0
0 -7 -1 10 0 -1 0
0 -7 -1 10 0 0 0
0 -7 -1 10 1 -4 0
0 -7 -1 10 1 -3 0
0 -7 -1 10 1 -2 0
0 -7 -1 10 1 -1 0
0 -7 -1 10 1 0 0
0 -7 -1 10 2 -4 -1
0 -7 -1 10 2 -3 0
0 -7 -1 10 2 -2 0
0 -7 -1 10 2 -1 0
0 -7 -1 10 2 0 0
0 -7 -1 10 3 -3 -1
0 -7 -1 10 3 -2 0
0 -7 -1 10 3 -1 0
0 -7 -1 10 3 0 0
0 -7 -1 10 4 -1 0
0 -7 -1 10 4 0 0
0 -7 -1 10 5 0 0
0 -7 -1 11 0 -5 1
0 -7 -1 11 0 -4 0
0 -7 -1 11 1 -5 0
0 -7 -1 11 1 -4 -1
0 -7 -1 11 1 -4 0
0 -7 -1 11 1 -3 0
0 -7 -1 11 1 -2 0
0 -7 -1 11 2 -5 -1
0 -7 -1 11 2 -4 -1
0 -7 -1 11 2 -4 0
0 -7 -1 11 2 -3 0
0 -7 -1 11 2 -2 0
0 -7 -1 11 2 -1 0
0 -7 -1 11 2 0 0
0 -7 -1 11 3 -5 -2
0 -7 -1 11 3 -4 -1
0 -7 -1 11 3 -3 -1
0 -7 -1 11 3 -3 0
0 -7 -1 11 3 -2 0
0 -7 -1 11 3 -1 0
0 -7 -1 11 3 0 0
0 -7 -1 11 4 -3 -1
0 -7 -1 11 4 -2 0
0 -7 -1 11 4 -1 0
0 -7 -1 11 4 0 0
0 -7 -1 11 5 -2 -1
0 -7 -1 11 5 -1 0
0 -7 -1 11 5 0 0
0 -7 -1 12 1 -6 0
0 -7 -1 12 1 -5 1
0 -7 -1 12 2 -6 -1
0 -7 -1 12 2 -5 -1
0 -7 -1 12 2 -5 0
0 -7 -1 12 3 -6 -2
0 -7 -1 12 3 -5 -1
0 -7 -1 12 3 -4 -1
0 -7 -1 12 3 -4 0
0 -7 -1 12 3 -3 0
0 -7 -1 12 4 -5 -2
0 -7 -1 12 4 -4 -1
0 -7 -1 12 4 -3 -1
0 -7 -1 12 4 -3 0
0 -7 -1 12 4 -2 0
0 -7 -1 12 5 -4 -2
0 -7 -1 12 5 -3 -1
0 -7 -1 13 3 -7 -2
0 -7 -1 13 4 -7 -3
0 -7 -1 13 4 -6 -2
0 -7 -1 13 4 -5 -2
0 -7 -1 13 4 -5 -1
0 -7 -1 13 5 -6 -3
0 -7 -1 13 5 -5 -2
0 -7 -1 14 4 -7 -2
0 -7 -1 14 5 -8 -4
0 -7 0 0 0 0 0
0 -7 0 1 0 0 0
0 -7 0 2 0 0 0
0 -7 0 3 0 0 0
0 -7 0 4 -1 0 0
0 -7 0 4 0 0 0
0 -7 0 4 1 0 0
0 -7 0 5 -1 0 0
0 -7 0 5 0 0 0
0 -7 0 5 1 0 0
0 -7 0 6 -2 0 0
0 -7 0 6 -1 0 0
0 -7 0 6 0 -1 0
0 -7 0 6 0 0 0
0 -7 0 6 1 0 0
0 -7 0 6 2 0 0
0 -7 0 7 -2 0 0
0 -7 0 7 -1 -1 0
0 -7 0 7 -1 0 0
0 -7 0 7 0 -1 0
0 -7 0 7 0 0 0
0 -7 0 7 1 -1 0
0 -7 0 7 1 0 0
0 -7 0 7 2 0 0
0 -7 0 8 -3 0 0
0 -7 0 8 -2 0 0
0 -7 0 8 -1 -1 0
0 -7 0 8 -1 0 0
0 -7 0 8 0 -2 0
0 -7 0 8 0 -1 0
0 -7 0 8 0 0 0
0 -7 0 8 1 -1 0
0 -7 0 8 1 0 0
0 -7 0 8 2 0 0
0 -7 0 8 3 0 0
0 -7 0 9 -4 0 0
0 -7 0 9 -3 0 0
0 -7 0 9 -2 -1 0
0 -7 0 9 -2 0 0
0 -7 0 9 -1 -2 0
0 -7 0 9 -1 -1 0
0 -7 0 9 -1 0 0
0 -7 0 9 0 -3 0
0 -7 0 9 0 -2 0
0 -7 0 9 0 -1 0
0 -7 0 9 0 0 0
0 -7 0 9 1 -2 0
0 -7 0 9 1 -1 0
0 -7 0 9 1 0 0
0 -7 0 9 2 -1 0
0 -7 0 9 2 0 0
0 -7 0 9 3 0 0
0 -7 0 9 4 0 0
0 -7 0 10 -4 0 0
0 -7 0 10 -3 -1 0
0 -7 0 10 -3 0 0
0 -7 0 10 -2 -2 0
0 -7 0 10 -2 -1 0
0 -7 0 10 -2 0 0
0 -7 0 10 -1 -4 1
0 -7 0 10 -1 -3 0
0 -7 0 10 -1 -2 0
0 -7 0 10 -1 -1 0
0 -7 0 10 -1 0 0
0 -7 0 10 0 -4 0
0 -7 0 10 0 -3 0
0 -7 0 10 0 -2 0
0 -7 0 10 0 -1 0
0 -7 0 10 0 0 0
0 -7 0 10 1 -4 -1
0 -7 0 10 1 -3 0
0 -7 0 10 1 -2 0
0 -7 0 10 1 -1 0
0 -7 0 10 1 0 0
0 -7 0 10 2 -2 0
0 -7 0 10 2 -1 0
0 -7 0 10 2 0 0
0 -7 0 10 3 -1 0
0 -7 0 10 3 0 0
0 -7 0 10 4 0 0
0 -7 0 11 -3 -3 1
0 -7 0 11 -2 -4 1
0 -7 0 11 -2 -3 0
0 -7 0 11 -2 -2 0
0 -7 0 11 -2 -1 0
0 -7 0 11 -1 -5 1
0 -7 0 11 -1 -4 0
0 -7 0 11 -1 -4 1
0 -7 0 11 -1 -3 0
0 -7 0 11 -1 -2 0
0 -7 0 11 -1 -1 0
0 -7 0 11 -1 0 0
0 -7 0 11 0 -5 0
0 -7 0 11 0 -4 0
0 -7 0 11 0 -3 0
0 -7 0 11 0 -2 0
0 -7 0 11 0 -1 0
0 -7 0 11 0 0 0
0 -7 0 11 1 -5 -1
0 -7 0 11 1 -4 -1
0 -7 0 11 1 -4 0
0 -7 0 11 1 -3 0
0 -7 0 11 1 -2 0
0 -7 0 11 1 -1 0
0 -7 0 11 1 0 0
0 -7 0 11 2 -4 -1
0 -7 0 11 2 -3 0
0 -7 0 11 2 -2 0
0 -7 0 11 2 -1 0
0 -7 0 11 3 -3 -1
0 -7 0 12 -3 -5 2
0 -7 0 12 -2 -6 2
0 -7 0 12 -2 -5 1
0 -7 0 12 -2 -4 0
0 -7 0 12 -2 -4 1
0 -7 0 12 -1 -6 1
0 -7 0 12 -1 -5 0
0 -7 0 12 -1 -5 1
0 -7 0 12 -1 -4 0
0 -7 0 12 -1 -4 1
0 -7 0 12 -1 -3 0
0 -7 0 12 -1 -2 0
0 -7 0 12 0 -6 0
0 -7 0 12 0 -5 -1
0 -7 0 12 0 -5 0
0 -7 0 12 0 -5 1
0 -7 0 12 0 -4 0
0 -7 0 12 0 -3 0
0 -7 0 12 0 -2 0
0 -7 0 12 1 -6 -1
0 -7 0 12 1 -5 -1
0 -7 0 12 1 -5 0
0 -7 0 12 1 -4 -1
0 -7 0 12 1 -4 0
0 -7 0 12 1 -3 0
0 -7 0 12 1 -2 0
0 -7 0 12 2 -6 -2
0 -7 0 12 2 -5 -1
0 -7 0 12 2 -4 -1
0 -7 0 12 2 -4 0
0 -7 0 12 3 -5 -2
0 -7 0 13 -2 -7 2
0 -7 0 13 -1 -7 1
0 -7 0 13 -1 -6 0
0 -7 0 13 -1 -6 1
0 -7 0 13 0 -7 0
0 -7 0 13 0 -6 -1
0 -7 0 13 0 -6 0
0 -7 0 13 0 -6 1
0 -7 0 13 0 -5 -1
0 -7 0 13 0 -5 0
0 -7 0 13 0 -5 1
0 -7 0 13 0 -4 0
0 -7 0 13 1 -7 -1
0 -7 0 13 1 -6 -1
0 -7 0 13 1 -6 0
0 -7 0 13 2 -7 -2
0 -7 0 14 -1 -7 2
0 -7 0 14 0 -7 -2
0 -7 0 14 0 -7 2
0 -7 0 14 1 -7 -2
0 -7 1 1 0 0 0
0 -7 1 2 0 0 0
0 -7 1 3 0 0 0
0 -7 1 4 -1 0 0
0 -7 1 4 0 0 0
0 -7 1 4 1 0 0
0 -7 1 5 -1 0 0
0 -7 1 5 0 0 0
0 -7 1 5 1 0 0
0 -7 1 6 -2 0 0
0 -7 1 6 -1 -1 0
0 -7 1 6 -1 0 0
0 -7 1 6 0 -1 0
0 -7 1 6 0 0 0
0 -7 1 6 1 0 0
0 -7 1 7 -3 0 0
0 -7 1 7 -2 0 0
0 -7 1 7 -1 -1 0
0 -7 1 7 -1 0 0
0 -7 1 7 0 -1 0
0 -7 1 7 0 0 0
0 -7 1 7 1 0 0
0 -7 1 7 2 0 0
0 -7 1 8 -3 0 0
0 -7 1 8 -2 -1 0
0 -7 1 8 -2 0 0
0 -7 1 8 -1 -2 0
0 -7 1 8 -1 -1 0
0 -7 1 8 -1 0 0
0 -7 1 8 0 -2 0
0 -7 1 8 0 -1 0
0 -7 1 8 0 0 0
0 -7 1 8 1 -1 0
0 -7 1 8 1 0 0
0 -7 1 8 2 0 0
0 -7 1 8 3 0 0
0 -7 1 9 -6 1 0
0 -7 1 9 -4 0 0
0 -7 1 9 -3 -1 0
0 -7 1 9 -3 0 0
0 -7 1 9 -2 -3 1
0 -7 1 9 -2 -2 0
0 -7 1 9 -2 -1 0
0 -7 1 9 -2 0 0
0 -7 1 9 -1 -3 0
0 -7 1 9 -1 -2 0
0 -7 1 9 -1 -1 0
0 -7 1 9 -1 0 0
0 -7 1 9 0 -2 0
0 -7 1 9 0 -1 0
0 -7 1 9 0 0 0
0 -7 1 9 1 -1 0
0 -7 1 9 1 0 0
0 -7 1 9 2 -1 0
0 -7 1 10 -5 0 0
0 -7 1 10 -4 -1 0
0 -7 1 10 -4 0 0
0 -7 1 10 -3 -3 1
0 -7 1 10 -3 -2 0
0 -7 1 10 -3 -1 0
0 -7 1 10 -3 0 0
0 -7 1 10 -2 -4 1
0 -7 1 10 -2 -3 0
0 -7 1 10 -2 -2 0
0 -7 1 10 -2 -1 0
0 -7 1 10 -2 0 0
0 -7 1 10 -1 -4 0
0 -7 1 10 -1 -3 0
0 -7 1 10 -1 -2 0
0 -7 1 10 -1 -1 0
0 -7 1 10 -1 0 0
0 -7 1 10 0 -4 -1
0 -7 1 10 0 -3 0
0 -7 1 10 0 -2 0
0 -7 1 10 0 -1 0
0 -7 1 10 0 0 0
0 -7 1 10 1 -2 0
0 -7 1 10 2 -3 -1
0 -7 1 11 -5 -2 1
0 -7 1 11 -5 -1 0
0 -7 1 11 -5 0 0
0 -7 1 11 -4 -3 1
0 -7 1 11 -4 -2 0
0 -7 1 11 -4 -1 0
0 -7 1 11 -4 0 0
0 -7 1 11 -3 -5 2
0 -7 1 11 -3 -4 1
0 -7 1 11 -3 -3 0
0 -7 1 11 -3 -3 1
0 -7 1 11 -3 -2 0
0 -7 1 11 -3 -1 0
0 -7 1 11 -3 0 0
0 -7 1 11 -2 -5 1
0 -7 1 11 -2 -4 0
0 -7 1 11 -2 -4 1
0 -7 1 11 -2 -3 0
0 -7 1 11 -2 -2 0
0 -7 1 11 -2 -1 0
0 -7 1 11 -2 0 0
0 -7 1 11 -1 -5 0
0 -7 1 11 -1 -4 0
0 -7 1 11 -1 -4 1
0 -7 1 11 -1 -3 0
0 -7 1 11 -1 -2 0
0 -7 1 11 0 -5 -1
0 -7 1 11 0 -4 0
0 -7 1 12 -5 -4 2
0 -7 1 12 -5 -3 1
0 -7 1 12 -4 -5 2
0 -7 1 12 -4 -4 1
0 -7 1 12 -4 -3 0
0 -7 1 12 -4 -3 1
0 -7 1 12 -4 -2 0
0 -7 1 12 -3 -6 2
0 -7 1 12 -3 -5 1
0 -7 1 12 -3 -4 0
0 -7 1 12 -3 -4 1
0 -7 1 12 -3 -3 0
0 -7 1 12 -2 -6 1
0 -7 1 12 -2 -5 0
0 -7 1 12 -2 -5 1
0 -7 1 12 -1 -6 0
0 -7 1 12 -1 -5 -1
0 -7 1 13 -5 -6 3
0 -7 1 13 -5 -5 2
0 -7 1 13 -4 -7 3
0 -7 1 13 -4 -6 2
0 -7 1 13 -4 -5 1
0 -7 1 13 -4 -5 2
0 -7 1 13 -3 -7 2
0 -7 1 14 -5 -8 4
0 -7 1 14 -4 -7 2
0 -7 2 1 0 0 0
0 -7 2 2 0 0 0
0 -7 2 3 -1 0 0
0 -7 2 3 0 0 0
0 -7 2 4 -1 0 0
0 -7 2 4 0 0 0
0 -7 2 5 -2 0 0
0 -7 2 5 -1 0 0
0 -7 2 5 0 0 0
0 -7 2 5 1 0 0
0 -7 2 6 -2 0 0
0 -7 2 6 -1 -1 0
0 -7 2 6 -1 0 0
0 -7 2 6 0 0 0
0 -7 2 6 1 0 0
0 -7 2 7 -3 0 0
0 -7 2 7 -2 -1 0
0 -7 2 7 -2 0 0
0 -7 2 7 -1 -1 0
0 -7 2 7 -1 0 0
0 -7 2 7 0 -1 0
0 -7 2 7 0 0 0
0 -7 2 7 1 0 0
0 -7 2 7 2 0 0
0 -7 2 8 -4 0 0
0 -7 2 8 -3 -1 0
0 -7 2 8 -3 0 0
0 -7 2 8 -2 -2 0
0 -7 2 8 -2 -1 0
0 -7 2 8 -2 0 0
0 -7 2 8 -1 -2 0
0 -7 2 8 -1 -1 0
0 -7 2 8 -1 0 0
0 -7 2 8 0 -1 0
0 -7 2 9 -6 1 0
0 -7 2 9 -5 0 0
0 -7 2 9 -4 -1 0
0 -7 2 9 -4 0 0
0 -7 2 9 -3 -3 1
0 -7 2 9 -3 -2 0
0 -7 2 9 -3 -1 0
0 -7 2 9 -3 0 0
0 -7 2 9 -2 -3 0
0 -7 2 9 -2 -2 0
0 -7 2 9 -2 -1 0
0 -7 2 10 -7 1 0
0 -7 2 10 -6 0 0
0 -7 2 10 -5 -2 1
0 -7 2 10 -5 -1 0
0 -7 2 10 -5 0 0
0 -7 2 10 -4 -3 1
0 -7 2 10 -4 -2 0
0 -7 2 10 -4 -1 0
0 -7 2 10 -4 0 0
0 -7 2 10 -3 -4 1
0 -7 2 10 -3 -3 0
0 -7 2 10 -3 -3 1
0 -7 2 10 -3 -2 0
0 -7 2 10 -2 -4 0
0 -7 2 11 -8 1 0
0 -7 2 11 -7 -1 1
0 -7 2 11 -7 0 0
0 -7 2 11 -7 1 0
0 -7 2 11 -6 -2 1
0 -7 2 11 -6 -1 0
0 -7 2 11 -6 0 0
0 -7 2 11 -5 -4 2
0 -7 2 11 -5 -3 1
0 -7 2 11 -5 -2 0
0 -7 2 11 -4 -5 2
0 -7 2 12 -8 -1 1
0 -7 2 12 -7 -3 2
0 -7 2 12 -7 -2 1
0 -7 2 12 -4 -4 1
0 -7 2 12 -3 -6 1
0 -7 3 0 0 0 0
0 -7 3 1 0 0 0
0 -7 3 2 0 0 0
0 -7 3 3 -1 0 0
0 -7 3 3 0 0 0
0 -7 3 4 -2 0 0
0 -7 3 4 -1 0 0
0 -7 3 4 0 0 0
0 -7 3 5 -2 0 0
0 -7 3 5 -1 0 0
0 -7 3 5 0 0 0
0 -7 3 5 1 0 0
0 -7 3 6 -3 0 0
0 -7 3 6 -2 -1 0
0 -7 3 6 -2 0 0
0 -7 3 6 -1 -1 0
0 -7 3 6 -1 0 0
0 -7 3 7 -4 0 0
0 -7 3 7 -3 -1 0
0 -7 3 7 -3 0 0
0 -7 3 7 -2 -2 0
0 -7 3 7 -2 -1 0
0 -7 3 7 -2 0 0
0 -7 3 8 -6 1 0
0 -7 3 8 -5 0 0
0 -7 3 8 -4 -2 1
0 -7 3 8 -4 -1 0
0 -7 3 8 -4 0 0
0 -7 3 8 -3 -2 0
0 -7 3 9 -7 1 0
0 -7 3 9 -6 0 0
0 -7 3 10 -9 2 0
0 -7 3 10 -7 0 0
0 -7 3 10 -5 -2 1
0 -7 3 12 -10 0 1
0 -7 4 0 0 0 0
0 -7 4 1 0 0 0
0 -7 4 2 -1 0 0
0 -7 4 2 0 0 0
0 -7 4 3 -1 0 0
0 -7 4 3 0 0 0
0 -7 4 4 -2 0 0
0 -7 4 4 -1 0 0
0 -7 4 4 0 0 0
0 -7 4 5 -3 0 0
0 -7 4 5 -2 -1 0
0 -7 4 5 -2 0 0
0 -7 4 6 -4 0 0
0 -7 4 10 -7 -3 2
0 -7 5 0 0 0 0
0 -7 5 1 0 0 0
0 -7 5 2 -1 0 0
0 -7 5 2 0 0 0
0 -7 5 3 -2 0 0
0 -7 6 4 -4 0 0
0 -7 6 8 -12 4 0
0 -7 7 0 0 0 0
