-3 -1 3 0 0 0 0
-3 -1 4 -1 0 0 0
-3 -1 4 0 -1 0 0
-3 -1 4 0 0 0 0
-3 -1 4 1 0 0 0
-3 -1 5 -2 0 0 0
-3 -1 5 -1 -1 0 0
-3 -1 5 -1 0 0 0
-3 -1 5 0 -2 0 0
-3 -1 5 0 -1 0 0
-3 -1 5 0 0 0 0
-3 -1 5 1 -1 0 0
-3 -1 5 1 0 0 0
-3 -1 6 -3 0 0 0
-3 -1 6 -2 -1 0 0
-3 -1 6 -2 0 0 0
-3 -1 6 -1 -2 0 0
-3 -1 6 -1 -1 0 0
-3 -1 6 -1 0 0 0
-3 -1 6 0 -2 0 0
-3 -1 6 0 -1 0 0
-3 -1 7 -5 1 0 0
-3 -1 7 -4 0 0 0
-3 -1 7 -3 -2 1 0
-3 -1 7 -3 -1 0 0
-3 -1 7 -3 0 0 0
-3 -1 7 -2 -3 1 0
-3 -1 7 -2 -2 0 0
-3 -1 7 -2 -1 0 0
-3 -1 7 -1 -3 0 0
-3 -1 8 -6 1 0 0
-3 -1 8 -5 -1 1 0
-3 -1 8 -5 0 0 0
-3 -1 8 -4 -3 2 0
-3 -1 8 -4 -2 1 0
-3 -1 8 -4 -1 0 0
-3 -1 8 -3 -4 2 0
-3 -1 8 -3 -3 1 0
-3 -1 9 -8 2 0 0
-3 -1 9 -7 0 1 0
-3 -1 9 -7 1 0 0
-3 -1 9 -6 -3 4 -1
-3 -1 9 -6 -2 2 0
-3 -1 9 -6 -1 1 0
-3 -1 9 -5 -5 5 -1
-3 -1 9 -5 -4 3 0
-3 -1 9 -5 -3 2 0
-3 -1 9 -4 -5 2 1
-3 -1 10 -10 3 0 0
-3 -1 10 -9 1 1 0
-3 -1 10 -9 2 0 0
-3 -1 10 -8 -2 4 -1
-3 -1 10 -7 -4 5 -1
-3 -1 12 -13 1 5 -2
