-2 -4 3 2 -1 0 0
-2 -4 4 0 0 0 0
-2 -4 4 4 -1 0 0
-2 -4 4 4 0 0 0
-2 -4 6 4 -5 -1 1
-2 -4 6 4 -4 0 0
-2 -4 7 -2 0 0 0
-2 -4 7 0 0 0 0
-2 -4 7 2 -1 0 0
-2 -4 7 3 -4 0 0
-2 -4 8 -3 0 0 0
-2 -4 8 -2 -1 0 0
-2 -4 8 -2 0 0 0
-2 -4 8 -1 -2 0 0
-2 -4 8 -1 -1 0 0
-2 -4 8 -1 0 0 0
-2 -4 8 0 -1 0 0
-2 -4 8 0 0 0 0
-2 -4 9 -4 0 0 0
-2 -4 9 -3 -1 0 0
-2 -4 9 -3 0 0 0
-2 -4 9 -2 -3 1 0
-2 -4 9 -2 -2 0 0
-2 -4 9 -2 -1 0 0
-2 -4 9 -1 -5 2 0
-2 -4 9 -1 -4 1 0
-2 -4 9 -1 -3 0 0
-2 -4 9 0 -6 1 1
-2 -4 9 0 -4 0 0
-2 -4 9 2 -9 1 2
-2 -4 10 -6 1 0 0
-2 -4 10 -5 0 0 0
-2 -4 10 -4 -2 1 0
-2 -4 10 -4 -1 0 0
-2 -4 10 -3 -4 2 0
-2 -4 10 -3 -3 1 0
-2 -4 10 -3 -2 0 0
-2 -4 10 -2 -6 3 0
-2 -4 10 -2 -5 2 0
-2 -4 10 -1 -8 4 0
-2 -4 10 0 -8 1 2
-2 -4 11 -7 1 0 0
-2 -4 11 -6 -1 1 0
-2 -4 11 -6 0 0 0
-2 -4 11 -5 -3 2 0
-2 -4 11 -4 -6 5 -1
-2 -4 11 -2 -11 9 -2
-2 -4 12 -9 2 0 0
