-1 -10 3 21 0 -9 -1
-1 -10 5 13 -1 0 0
-1 -10 5 17 -7 -8 3
-1 -10 6 17 -13 0 0
-1 -13 9 20 -16 0 0
-1 -2 0 0 0 0 0
-1 -3 0 0 0 0 0
-1 -3 2 0 0 0 0
-1 -3 2 1 0 0 0
-1 -3 3 3 -3 -1 1
-1 -4 0 0 0 0 0
-1 -4 1 1 0 0 0
-1 -4 1 2 0 0 0
-1 -4 1 3 0 0 0
-1 -4 2 1 0 0 0
-1 -4 2 2 -1 0 0
-1 -4 2 2 0 0 0
-1 -4 2 3 -1 0 0
-1 -4 2 3 0 0 0
-1 -4 3 0 0 0 0
-1 -4 3 1 0 0 0
-1 -4 3 2 -1 0 0
-1 -4 3 2 0 0 0
-1 -4 3 3 -2 0 0
-1 -4 3 3 -1 0 0
-1 -4 5 1 -2 0 0
-1 -5 0 5 2 0 0
-1 -5 2 5 1 0 0
-1 -5 3 0 0 0 0
-1 -5 3 1 0 0 0
-1 -5 3 2 -1 0 0
-1 -5 3 2 0 0 0
-1 -5 3 6 -1 0 0
-1 -5 4 0 0 0 0
-1 -5 4 1 0 0 0
-1 -5 4 2 -1 0 0
-1 -5 4 2 0 0 0
-1 -5 4 3 -2 0 0
-1 -5 4 3 -1 0 0
-1 -5 4 3 0 0 0
-1 -5 4 5 -2 0 0
-1 -5 5 0 0 0 0
-1 -5 5 1 -1 0 0
-1 -5 5 1 0 0 0
-1 -5 5 2 -2 0 0
-1 -5 5 2 -1 0 0
-1 -5 5 3 -3 0 0
-1 -5 5 3 -2 0 0
-1 -5 5 4 -4 0 0
-1 -5 6 -1 0 0 0
-1 -5 6 0 -1 0 0
-1 -5 6 0 0 0 0
-1 -5 6 1 -2 0 0
-1 -5 7 -2 0 0 0
-1 -6 0 0 0 0 0
-1 -6 1 1 0 0 0
-1 -6 1 2 0 0 0
-1 -6 2 1 0 0 0
-1 -6 2 2 0 0 0
-1 -6 2 3 -1 0 0
-1 -6 2 3 0 0 0
-1 -6 2 4 0 0 0
-1 -6 3 0 0 0 0
-1 -6 3 1 0 0 0
-1 -6 3 2 0 0 0
-1 -6 3 3 -1 0 0
-1 -6 3 3 0 0 0
-1 -6 3 4 -2 0 0
-1 -6 3 4 -1 0 0
-1 -6 3 4 0 0 0
-1 -6 3 5 -2 0 0
-1 -6 3 5 -1 -1 0
-1 -6 3 5 -1 0 0
-1 -6 3 5 0 0 0
-1 -6 3 5 1 0 0
-1 -6 3 6 0 0 0
-1 -6 3 6 1 0 0
-1 -6 3 7 2 0 0
-1 -6 4 0 0 0 0
-1 -6 4 1 0 0 0
-1 -6 4 2 -1 0 0
-1 -6 4 2 0 0 0
-1 -6 4 3 -1 0 0
-1 -6 4 3 0 0 0
-1 -6 4 4 -2 0 0
-1 -6 4 4 -1 0 0
-1 -6 4 4 0 0 0
-1 -6 4 5 -3 0 0
-1 -6 4 5 -2 -1 0
-1 -6 4 5 -2 0 0
-1 -6 4 5 -1 0 0
-1 -6 4 5 0 0 0
-1 -6 4 5 1 0 0
-1 -6 4 6 -4 0 0
-1 -6 4 6 -3 -1 0
-1 -6 4 6 -3 0 0
-1 -6 4 6 -2 -1 0
-1 -6 4 6 -2 0 0
-1 -6 4 6 -1 -1 0
-1 -6 4 6 -1 0 0
-1 -6 4 6 0 0 0
-1 -6 4 6 1 0 0
-1 -6 4 7 -3 -2 0
-1 -6 4 7 -2 -2 0
-1 -6 4 7 -2 -1 0
-1 -6 4 7 -2 0 0
-1 -6 4 7 -1 -1 0
-1 -6 4 7 -1 0 0
-1 -6 4 7 0 -1 0
-1 -6 4 7 0 0 0
-1 -6 4 8 -1 -2 0
-1 -6 4 8 0 -1 0
-1 -6 5 -1 0 0 0
-1 -6 5 0 0 0 0
-1 -6 5 1 -1 0 0
-1 -6 5 1 0 0 0
-1 -6 5 2 -1 0 0
-1 -6 5 2 0 0 0
-1 -6 5 3 -2 0 0
-1 -6 5 3 -1 0 0
-1 -6 5 3 0 0 0
-1 -6 5 4 -3 0 0
-1 -6 5 4 -2 -1 0
-1 -6 5 4 -2 0 0
-1 -6 5 4 -1 0 0
-1 -6 5 4 0 0 0
-1 -6 5 5 -5 1 0
-1 -6 5 5 -4 0 0
-1 -6 5 5 -3 -1 0
-1 -6 5 5 -3 0 0
-1 -6 5 5 -2 -1 0
-1 -6 5 5 -2 0 0
-1 -6 5 5 -1 0 0
-1 -6 5 5 0 0 0
-1 -6 5 6 -6 1 0
-1 -6 5 6 -5 0 0
-1 -6 5 6 -4 -1 0
-1 -6 5 6 -4 0 0
-1 -6 5 6 -3 -2 0
-1 -6 5 6 -3 -1 0
-1 -6 5 6 -3 0 0
-1 -6 5 6 -2 -1 0
-1 -6 5 6 -2 0 0
-1 -6 5 6 -1 -1 0
-1 -6 5 6 -1 0 0
-1 -6 5 7 -6 -1 1
-1 -6 5 7 -6 0 0
-1 -6 5 7 -5 -2 1
-1 -6 5 7 -5 -1 0
-1 -6 5 7 -5 0 0
-1 -6 5 7 -4 -2 0
-1 -6 5 7 -4 -2 1
-1 -6 5 7 -4 -1 0
-1 -6 5 7 -4 0 0
-1 -6 5 7 -3 -2 0
-1 -6 5 7 -3 -1 0
-1 -6 5 7 -3 0 0
-1 -6 5 7 -2 -2 0
-1 -6 5 7 -2 -1 0
-1 -6 5 8 -6 -3 2
-1 -6 5 8 -5 -3 1
-1 -6 5 8 -5 -2 0
-1 -6 5 8 -5 -2 1
-1 -6 5 8 -4 -3 0
-1 -6 5 8 -4 -2 0
-1 -6 5 8 -4 -1 0
-1 -6 5 8 -3 -3 0
-1 -6 6 -1 0 0 0
-1 -6 6 0 0 0 0
-1 -6 6 1 -1 0 0
-1 -6 6 1 0 0 0
-1 -6 6 2 -2 0 0
-1 -6 6 2 -1 0 0
-1 -6 6 2 0 0 0
-1 -6 6 3 -3 0 0
-1 -6 6 3 -2 0 0
-1 -6 6 3 -1 0 0
-1 -6 6 3 0 0 0
-1 -6 6 4 -5 1 0
-1 -6 6 4 -4 0 0
-1 -6 6 4 -3 -1 0
-1 -6 6 4 -3 0 0
-1 -6 6 4 -2 0 0
-1 -6 6 4 -1 0 0
-1 -6 6 4 0 0 0
-1 -6 6 5 -6 1 0
-1 -6 6 5 -5 -1 1
-1 -6 6 5 -5 0 0
-1 -6 6 5 -4 -1 0
-1 -6 6 5 -4 0 0
-1 -6 6 5 -3 -1 0
-1 -6 6 5 -3 0 0
-1 -6 6 5 -2 -1 0
-1 -6 6 5 -2 0 0
-1 -6 6 6 -8 2 0
-1 -6 6 6 -7 1 0
-1 -6 6 6 -6 -1 1
-1 -6 6 6 -6 0 0
-1 -6 6 6 -6 1 0
-1 -6 6 6 -5 -1 0
-1 -6 6 6 -5 0 0
-1 -6 6 6 -4 -2 0
-1 -6 6 6 -4 -1 0
-1 -6 6 6 -4 0 0
-1 -6 6 6 -3 -2 0
-1 -6 6 7 -9 2 0
-1 -6 6 7 -8 0 1
-1 -6 6 7 -8 1 0
-1 -6 6 7 -7 -2 2
-1 -6 6 7 -7 -1 1
-1 -6 6 7 -7 0 0
-1 -6 6 7 -7 1 0
-1 -6 6 7 -6 -2 1
-1 -6 6 7 -6 -1 0
-1 -6 6 7 -6 0 0
-1 -6 6 7 -5 -2 0
-1 -6 6 7 -5 -2 1
-1 -6 6 8 -9 -1 2
-1 -6 6 8 -8 -3 3
-1 -6 6 8 -8 -2 2
-1 -6 6 8 -8 -1 1
-1 -6 6 8 -8 0 0
-1 -6 6 8 -7 -3 2
-1 -6 6 9 -8 -3 2
-1 -6 7 -1 0 0 0
-1 -6 7 0 -1 0 0
-1 -6 7 0 0 0 0
-1 -6 7 1 -2 0 0
-1 -6 7 1 -1 0 0
-1 -6 7 1 0 0 0
-1 -6 7 2 -4 1 0
-1 -6 7 2 -3 0 0
-1 -6 7 2 -2 0 0
-1 -6 7 2 -1 0 0
-1 -6 7 3 -5 1 0
-1 -6 7 3 -4 0 0
-1 -6 7 3 -3 -1 0
-1 -6 7 3 -3 0 0
-1 -6 7 3 -2 0 0
-1 -6 7 4 -7 2 0
-1 -6 7 4 -6 1 0
-1 -6 7 4 -5 0 0
-1 -6 7 4 -5 1 0
-1 -6 7 4 -4 -1 0
-1 -6 7 4 -4 0 0
-1 -6 7 5 -8 2 0
-1 -6 7 5 -7 0 1
-1 -6 7 5 -7 1 0
-1 -6 7 5 -6 -1 1
-1 -6 7 5 -6 0 0
-1 -6 7 6 -10 3 0
-1 -6 7 6 -9 1 1
-1 -6 7 6 -9 2 0
-1 -6 7 6 -8 -1 2
-1 -6 7 6 -7 0 0
-1 -6 7 7 -12 4 0
-1 -6 7 8 -12 1 2
-1 -6 8 -2 0 0 0
-1 -6 8 -1 -1 0 0
-1 -6 8 -1 0 0 0
-1 -6 8 0 -2 0 0
-1 -6 8 0 -1 0 0
-1 -6 8 1 -4 1 0
-1 -6 8 1 -3 0 0
-1 -6 8 1 -2 0 0
-1 -6 8 2 -5 1 0
-1 -6 8 2 -4 0 0
-1 -6 8 3 -7 2 0
-1 -6 8 3 -6 0 1
-1 -6 9 -3 0 0 0
-1 -6 9 -2 -1 0 0
-1 -6 9 -2 0 0 0
-1 -6 9 -1 -3 1 0
-1 -6 9 -1 -2 0 0
-1 -6 9 2 -6 0 1
-1 -6 9 4 -13 7 -1
-1 -6 10 -4 0 0 0
-1 -6 10 -3 -1 0 0
-1 -6 11 -6 1 0 0
-1 -7 -3 3 1 0 0
-1 -7 -1 5 2 0 0
-1 -7 0 4 -1 0 0
-1 -7 1 7 1 0 0
-1 -7 3 0 0 0 0
-1 -7 3 11 -3 -5 1
-1 -8 -4 0 0 0 0
-1 -8 0 4 -1 0 0
-1 -8 0 4 0 0 0
-1 -8 2 11 3 0 0
-1 -8 3 6 -1 0 0
-1 -8 6 13 -9 -6 4
-1 -8 12 -1 -3 0 0
-1 -9 9 0 0 0 0
-1 -9 9 16 -15 -4 4
-1 -9 10 18 -15 -12 4
-1 -9 13 0 0 0 0
-1 -9 13 4 -8 0 1
-1 -9 14 -2 -3 0 0
-1 -9 14 3 -14 7 -1
-1 -9 14 4 -14 4 1
-1 -9 14 4 -8 0 0
-1 -9 15 7 -27 17 -3
-1 -9 17 -8 1 0 0
-1 -9 17 -4 -7 2 1
-1 -9 21 -16 4 0 0
-1 0 0 0 0 0 0
-2 -11 24 -12 0 0 0
-2 -2 3 0 0 0 0
-2 -2 4 0 -1 0 0
-2 -2 5 -2 0 0 0
-2 -2 5 -1 -1 0 0
-2 -3 0 0 0 0 0
-2 -3 2 1 0 0 0
-2 -3 3 0 0 0 0
-2 -3 3 1 0 0 0
-2 -3 3 2 0 0 0
-2 -3 4 0 0 0 0
-2 -3 4 1 -1 0 0
-2 -3 4 1 0 0 0
-2 -3 4 2 -1 0 0
-2 -3 4 2 0 0 0
-2 -3 4 3 0 0 0
-2 -3 5 -1 0 0 0
-2 -3 5 0 -1 0 0
-2 -3 5 0 0 0 0
-2 -3 5 1 -2 0 0
-2 -3 5 1 -1 0 0
-2 -3 5 1 0 0 0
-2 -3 5 2 -3 0 0
-2 -3 5 2 -2 0 0
-2 -3 5 2 -1 0 0
-2 -3 6 -2 0 0 0
-2 -3 6 -1 -1 0 0
-2 -3 6 -1 0 0 0
-2 -3 6 0 -3 1 0
-2 -3 6 0 -2 0 0
-2 -3 6 0 -1 0 0
-2 -3 6 1 -4 1 0
-2 -3 6 1 -3 0 0
-2 -3 6 1 -2 0 0
-2 -3 7 -3 0 0 0
-2 -3 7 -2 -1 0 0
-2 -3 7 -1 -3 1 0
-2 -3 7 -1 -2 0 0
-2 -3 7 0 -5 2 0
-2 -3 8 -4 0 0 0
-2 -4 3 2 -1 0 0
-2 -4 4 0 0 0 0
-2 -4 4 4 -1 0 0
-2 -4 4 4 0 0 0
-2 -4 6 4 -5 -1 1
-2 -4 6 4 -4 0 0
-2 -4 7 -2 0 0 0
-2 -4 7 0 0 0 0
-2 -4 7 2 -1 0 0
-2 -4 7 3 -4 0 0
-2 -4 8 -3 0 0 0
-2 -4 8 -2 -1 0 0
-2 -4 8 -2 0 0 0
-2 -4 8 -1 -2 0 0
-2 -4 8 -1 -1 0 0
-2 -4 8 -1 0 0 0
-2 -4 8 0 -1 0 0
-2 -4 8 0 0 0 0
-2 -4 9 -4 0 0 0
-2 -4 9 -3 -1 0 0
-2 -4 9 -3 0 0 0
-2 -4 9 -2 -3 1 0
-2 -4 9 -2 -2 0 0
-2 -4 9 -2 -1 0 0
-2 -4 9 -1 -5 2 0
-2 -4 9 -1 -4 1 0
-2 -4 9 -1 -3 0 0
-2 -4 9 0 -6 1 1
-2 -4 9 0 -4 0 0
-2 -4 9 2 -9 1 2
-2 -4 10 -6 1 0 0
-2 -4 10 -5 0 0 0
-2 -4 10 -4 -2 1 0
-2 -4 10 -4 -1 0 0
-2 -4 10 -3 -4 2 0
-2 -4 10 -3 -3 1 0
-2 -4 10 -3 -2 0 0
-2 -4 10 -2 -6 3 0
-2 -4 10 -2 -5 2 0
-2 -4 10 -1 -8 4 0
-2 -4 10 0 -8 1 2
-2 -4 11 -7 1 0 0
-2 -4 11 -6 -1 1 0
-2 -4 11 -6 0 0 0
-2 -4 11 -5 -3 2 0
-2 -4 11 -4 -6 5 -1
-2 -4 11 -2 -11 9 -2
-2 -4 12 -9 2 0 0
-2 -5 5 1 -1 0 0
-2 -5 6 -1 0 0 0
-2 -5 6 0 0 0 0
-2 -5 6 9 0 0 0
-2 -5 10 3 -7 0 1
-2 -5 11 2 -8 0 0
-2 -5 12 -3 -3 1 0
-2 -5 12 0 -14 10 -2
-2 -5 13 -7 1 0 0
-2 -5 13 -4 -6 2 1
-2 -5 13 -3 -11 9 -2
-2 -5 14 -6 -6 4 0
-2 -6 2 1 0 0 0
-2 -6 2 4 0 0 0
-2 -6 3 5 -2 0 0
-2 -6 4 5 1 0 0
-2 -6 4 9 2 0 0
-2 -6 5 9 -2 -2 0
-2 -6 6 9 -4 -3 1
-2 -6 7 1 0 0 0
-2 -6 7 4 -4 0 0
-2 -6 7 7 -7 0 0
-2 -6 8 0 0 0 0
-2 -6 8 9 -10 -4 4
-2 -6 8 9 -2 0 0
-2 -7 5 0 0 0 0
-2 0 0 0 0 0 0
-2 1 0 0 0 0 0
-3 -1 3 0 0 0 0
-3 -1 4 -1 0 0 0
-3 -1 4 0 -1 0 0
-3 -1 4 0 0 0 0
-3 -1 4 1 0 0 0
-3 -1 5 -2 0 0 0
-3 -1 5 -1 -1 0 0
-3 -1 5 -1 0 0 0
-3 -1 5 0 -2 0 0
-3 -1 5 0 -1 0 0
-3 -1 5 0 0 0 0
-3 -1 5 1 -1 0 0
-3 -1 5 1 0 0 0
-3 -1 6 -3 0 0 0
-3 -1 6 -2 -1 0 0
-3 -1 6 -2 0 0 0
-3 -1 6 -1 -2 0 0
-3 -1 6 -1 -1 0 0
-3 -1 6 -1 0 0 0
-3 -1 6 0 -2 0 0
-3 -1 6 0 -1 0 0
-3 -1 7 -5 1 0 0
-3 -1 7 -4 0 0 0
-3 -1 7 -3 -2 1 0
-3 -1 7 -3 -1 0 0
-3 -1 7 -3 0 0 0
-3 -1 7 -2 -3 1 0
-3 -1 7 -2 -2 0 0
-3 -1 7 -2 -1 0 0
-3 -1 7 -1 -3 0 0
-3 -1 8 -6 1 0 0
-3 -1 8 -5 -1 1 0
-3 -1 8 -5 0 0 0
-3 -1 8 -4 -3 2 0
-3 -1 8 -4 -2 1 0
-3 -1 8 -4 -1 0 0
-3 -1 8 -3 -4 2 0
-3 -1 8 -3 -3 1 0
-3 -1 9 -8 2 0 0
-3 -1 9 -7 0 1 0
-3 -1 9 -7 1 0 0
-3 -1 9 -6 -3 4 -1
-3 -1 9 -6 -2 2 0
-3 -1 9 -6 -1 1 0
-3 -1 9 -5 -5 5 -1
-3 -1 9 -5 -4 3 0
-3 -1 9 -5 -3 2 0
-3 -1 9 -4 -5 2 1
-3 -1 10 -10 3 0 0
-3 -1 10 -9 1 1 0
-3 -1 10 -9 2 0 0
-3 -1 10 -8 -2 4 -1
-3 -1 10 -7 -4 5 -1
-3 -1 12 -13 1 5 -2
-3 -2 4 0 0 0 0
-3 -2 5 2 -1 0 0
-3 -2 7 0 0 0 0
-3 -2 8 1 -5 0 0
-3 -2 8 1 -2 0 0
-3 -2 9 -2 -1 0 0
-3 -2 9 0 -8 1 2
-3 -2 9 1 -7 0 1
-3 -2 10 -7 1 0 0
-3 -2 11 -9 2 0 0
-3 -2 11 -4 -7 3 1
-3 -2 11 -2 -9 1 2
-3 -2 12 -11 3 0 0
-3 -2 12 -10 1 1 0
-3 -2 12 -10 2 0 0
-3 -2 12 -9 -2 4 -1
-3 -2 12 -9 -1 2 0
-3 -2 12 -9 0 1 0
-3 -2 12 -9 1 0 0
-3 -2 12 -5 -10 8 -1
-3 -2 13 -13 4 0 0
-3 -2 13 -12 2 1 0
-3 -2 13 -12 3 0 0
-3 -2 13 -11 -1 4 -1
-3 -2 13 -11 0 2 0
-3 -2 13 -11 1 1 0
-3 -2 13 -10 -4 7 -2
-3 -2 13 -10 -3 5 -1
-3 -2 13 -10 -2 3 0
-3 -2 14 -16 7 -1 0
-3 -2 14 -15 5 0 0
-3 -2 14 -14 2 3 -1
-3 -2 14 -14 3 1 0
-3 -2 14 -13 -1 6 -2
-3 -2 14 -13 0 4 -1
-3 -2 14 -13 1 2 0
-3 -2 14 -12 -4 9 -3
-3 -2 15 -18 8 -1 0
-3 -2 15 -17 5 2 -1
-3 -2 15 -16 2 5 -2
-3 -3 11 -7 1 0 0
-3 -3 11 -6 0 0 0
-3 -3 13 -7 -5 5 -1
-3 -3 15 -14 4 0 0
-3 -3 18 -17 -3 11 -4
-3 -4 6 0 -1 0 0
-3 -4 7 9 2 0 0
-3 -4 8 0 0 0 0
-3 -4 9 7 -6 -3 1
-3 -4 9 7 1 0 0
-3 -4 10 -4 0 0 0
-3 -4 10 0 -1 0 0
-3 -4 10 2 -8 1 1
-3 -4 10 10 -4 -3 1
-3 -4 11 -5 0 0 0
-3 -4 11 -4 -1 0 0
-3 -4 11 -4 0 0 0
-3 -4 11 -3 -2 0 0
-3 -4 11 -3 -1 0 0
-3 -4 11 -3 0 0 0
-3 -4 11 -2 0 0 0
-3 -4 11 5 -7 -1 1
-3 -4 12 -7 1 0 0
-3 -4 12 -6 0 0 0
-3 -4 12 -5 -2 1 0
-3 -4 12 -5 -1 0 0
-3 -4 12 -5 0 0 0
-3 -4 12 -4 -3 1 0
-3 -4 12 -4 -2 0 0
-3 -4 12 -4 -1 0 0
-3 -4 12 -4 0 0 0
-3 -4 12 -3 -5 2 0
-3 -4 12 -3 -4 1 0
-3 -4 12 -3 -3 0 0
-3 -4 12 -3 -3 1 0
-3 -4 12 -3 -2 0 0
-3 -4 12 -3 -1 0 0
-3 -4 12 -3 0 0 0
-3 -4 12 -2 -4 0 0
-3 -4 12 -2 -3 0 0
-3 -4 12 -2 -2 0 0
-3 -4 12 -2 -1 0 0
-3 -4 12 -2 0 0 0
-3 -4 12 -1 -2 0 0
-3 -4 12 -1 -1 0 0
-3 -4 12 -1 0 0 0
-3 -4 12 0 -9 1 2
-3 -4 12 0 -4 0 0
-3 -4 12 0 0 0 0
-3 -4 12 2 -9 -1 1
-3 -4 12 4 -8 0 0
-3 -4 13 -8 1 0 0
-3 -4 13 -7 -1 1 0
-3 -4 13 -7 0 0 0
-3 -4 13 -7 1 0 0
-3 -4 13 -6 -2 1 0
-3 -4 13 -6 -1 0 0
-3 -4 13 -6 0 0 0
-3 -4 13 -5 -4 2 0
-3 -4 13 -5 -3 1 0
-3 -4 13 -5 -2 0 0
-3 -4 13 -5 -1 0 0
-3 -4 13 -5 0 0 0
-3 -4 13 -4 -6 3 0
-3 -4 13 -4 -5 2 0
-3 -4 13 -4 -4 1 0
-3 -4 13 -4 -3 0 0
-3 -4 13 -4 -3 1 0
-3 -4 13 -4 -2 0 0
-3 -4 13 -4 -1 0 0
-3 -4 13 -4 0 0 0
-3 -4 13 -3 -9 6 -1
-3 -4 13 -3 -8 4 0
-3 -4 13 -3 -7 2 1
-3 -4 13 -3 -7 3 0
-3 -4 13 -3 -6 2 0
-3 -4 13 -3 -5 1 0
-3 -4 13 -3 -4 0 0
-3 -4 13 -3 -4 1 0
-3 -4 13 -3 -3 0 0
-3 -4 13 -3 -2 0 0
-3 -4 13 -3 -1 0 0
-3 -4 13 -3 0 0 0
-3 -4 13 -2 -7 1 1
-3 -4 13 -2 -7 2 0
-3 -4 13 -2 -6 1 0
-3 -4 13 -2 -6 2 0
-3 -4 13 -2 -5 0 0
-3 -4 13 -2 -5 1 0
-3 -4 13 -2 -4 0 0
-3 -4 13 -2 -4 1 0
-3 -4 13 -2 -3 0 0
-3 -4 13 -1 -7 0 0
-3 -4 13 -1 -6 -1 0
-3 -4 13 -1 -6 0 0
-3 -4 13 0 0 0 0
-3 -4 14 -10 2 0 0
-3 -4 14 -9 1 0 0
-3 -4 14 -8 -1 1 0
-3 -4 14 -8 0 0 0
-3 -4 14 -8 1 0 0
-3 -4 14 -7 -3 2 0
-3 -4 14 -7 -2 1 0
-3 -4 14 -7 -1 0 0
-3 -4 14 -7 0 0 0
-3 -4 14 -6 -5 3 0
-3 -4 14 -6 -4 2 0
-3 -4 14 -6 -3 1 0
-3 -4 14 -6 -2 0 0
-3 -4 14 -6 -2 1 0
-3 -4 14 -6 -1 0 0
-3 -4 14 -6 0 0 0
-3 -4 14 -5 -8 6 -1
-3 -4 14 -5 -7 4 0
-3 -4 14 -5 -6 2 1
-3 -4 14 -5 -6 3 0
-3 -4 14 -5 -5 2 0
-3 -4 14 -5 -4 1 0
-3 -4 14 -5 -3 0 0
-3 -4 14 -4 -10 7 -1
-3 -4 14 -4 -9 5 0
-3 -4 14 -4 -9 6 -1
-3 -4 14 -4 -8 3 1
-3 -4 14 -4 -8 4 0
-3 -4 14 -4 -7 2 1
-3 -4 14 -4 -7 3 0
-3 -4 14 -3 -11 6 0
-3 -4 14 -2 -12 5 1
-3 -4 14 -2 -7 1 1
-3 -4 14 2 -12 -3 1
-3 -4 15 -11 2 0 0
-3 -4 15 -10 0 1 0
-3 -4 15 -10 1 0 0
-3 -4 15 -9 -2 2 0
-3 -4 15 -9 -1 1 0
-3 -4 15 -9 0 0 0
-3 -4 15 -8 -5 5 -1
-3 -4 15 -8 -4 3 0
-3 -4 15 -6 -10 9 -2
-3 -4 15 -2 -8 1 1
-3 -4 16 -13 3 0 0
-3 -4 16 -8 -8 7 -1
-3 -4 16 -8 -3 0 0
-3 -4 16 -4 -16 11 -1
-3 -4 16 -4 -12 4 1
-3 -4 16 -4 -8 0 0
-3 -4 17 -7 -7 2 1
-3 -4 17 -6 -9 2 1
-3 -4 17 -5 -13 4 3
-3 -4 18 -16 4 0 0
-3 -4 18 -14 -3 7 -2
-3 -4 18 -10 -12 13 -3
-3 -4 18 -7 -19 18 -4
-3 -4 18 -6 -19 15 -2
-3 -4 19 -12 -7 5 1
-3 -4 21 -20 4 0 0
-3 -4 23 -26 6 5 -2
-3 -5 18 -14 3 0 0
-3 -5 18 -8 -10 8 -1
-3 -5 27 -33 11 5 -3
-3 -8 15 13 -21 -6 9
-3 0 3 0 0 0 0
-3 0 4 -2 0 0 0
-3 0 4 -1 0 0 0
-3 0 5 -3 0 0 0
-3 0 5 -2 -1 0 0
-3 0 6 -5 1 0 0
-3 0 6 -4 -1 1 0
-3 0 7 -7 2 0 0
-3 1 3 -2 0 0 0
-3 3 -1 0 0 0 0
0 -12 0 0 0 0 0
0 -14 0 25 0 -12 0
0 -2 0 0 0 0 0
0 -3 -2 0 0 0 0
0 -3 0 0 0 0 0
0 -3 2 0 0 0 0
0 -4 -1 1 0 0 0
0 -4 -1 2 0 0 0
0 -4 -1 3 1 0 0
0 -4 0 0 0 0 0
0 -4 0 1 0 0 0
0 -4 0 2 0 0 0
0 -4 0 3 -1 0 0
0 -4 0 3 0 0 0
0 -4 0 3 1 0 0
0 -4 1 1 0 0 0
0 -4 1 2 0 0 0
0 -4 1 3 -1 0 0
0 -5 -1 1 0 0 0
0 -5 -1 2 0 0 0
0 -5 -1 3 1 0 0
0 -5 -1 4 0 0 0
0 -5 -1 5 2 0 0
0 -5 0 0 0 0 0
0 -5 0 1 0 0 0
0 -5 0 2 0 0 0
0 -5 0 3 0 0 0
0 -5 0 4 0 0 0
0 -5 1 1 0 0 0
0 -5 1 2 0 0 0
0 -5 1 3 -1 0 0
0 -5 1 4 0 0 0
0 -5 1 5 -2 0 0
0 -6 -4 0 0 0 0
0 -6 -3 0 0 0 0
0 -6 -3 1 0 0 0
0 -6 -3 2 0 0 0
0 -6 -3 2 1 0 0
0 -6 -3 7 5 0 0
0 -6 -2 1 0 0 0
0 -6 -2 2 0 0 0
0 -6 -2 3 0 0 0
0 -6 -2 3 1 0 0
0 -6 -2 4 0 0 0
0 -6 -2 4 1 0 0
0 -6 -2 5 2 0 0
0 -6 -1 1 0 0 0
0 -6 -1 2 0 0 0
0 -6 -1 3 0 0 0
0 -6 -1 3 1 0 0
0 -6 -1 4 -1 0 0
0 -6 -1 4 0 0 0
0 -6 -1 4 1 0 0
0 -6 -1 5 -1 0 0
0 -6 -1 5 0 0 0
0 -6 -1 5 1 0 0
0 -6 -1 5 2 0 0
0 -6 -1 6 0 -1 0
0 -6 -1 6 0 0 0
0 -6 -1 6 1 -1 0
0 -6 -1 6 1 0 0
0 -6 -1 6 2 0 0
0 -6 -1 7 1 -2 0
0 -6 -1 7 2 -1 0
0 -6 -1 7 2 0 0
0 -6 -1 7 3 0 0
0 -6 -1 8 4 0 0
0 -6 -1 9 2 -2 0
0 -6 0 0 0 0 0
0 -6 0 1 0 0 0
0 -6 0 2 0 0 0
0 -6 0 3 0 0 0
0 -6 0 4 -1 0 0
0 -6 0 4 0 0 0
0 -6 0 4 1 0 0
0 -6 0 5 -1 0 0
0 -6 0 5 0 -1 0
0 -6 0 5 0 0 0
0 -6 0 5 1 0 0
0 -6 0 6 -2 0 0
0 -6 0 6 -1 0 0
0 -6 0 6 0 -1 0
0 -6 0 6 0 0 0
0 -6 0 6 1 0 0
0 -6 0 6 2 0 0
0 -6 0 7 -2 0 0
0 -6 0 7 -1 -1 0
0 -6 0 7 -1 0 0
0 -6 0 7 0 -2 0
0 -6 0 7 0 -1 0
0 -6 0 7 0 0 0
0 -6 0 7 1 -1 0
0 -6 0 7 1 0 0
0 -6 0 7 2 0 0
0 -6 0 8 -1 -2 0
0 -6 0 8 0 -3 0
0 -6 0 8 0 -2 0
0 -6 0 8 0 -1 0
0 -6 0 8 0 0 0
0 -6 0 8 1 -2 0
0 -6 0 9 0 -4 0
0 -6 0 9 0 0 0
0 -6 1 1 0 0 0
0 -6 1 2 0 0 0
0 -6 1 3 -1 0 0
0 -6 1 3 0 0 0
0 -6 1 4 -1 0 0
0 -6 1 4 0 0 0
0 -6 1 4 1 0 0
0 -6 1 5 -2 0 0
0 -6 1 5 -1 0 0
0 -6 1 5 0 0 0
0 -6 1 5 1 0 0
0 -6 1 6 -2 0 0
0 -6 1 6 -1 -1 0
0 -6 1 6 -1 0 0
0 -6 1 6 0 -1 0
0 -6 1 6 0 0 0
0 -6 1 7 -3 0 0
0 -6 1 7 -2 -1 0
0 -6 1 7 -2 0 0
0 -6 1 7 -1 -2 0
0 -6 1 8 -4 0 0
0 -6 1 9 -2 -2 0
0 -6 2 1 0 0 0
0 -6 2 2 0 0 0
0 -6 2 3 -1 0 0
0 -6 2 3 0 0 0
0 -6 2 4 -1 0 0
0 -6 2 4 0 0 0
0 -6 2 5 -2 0 0
0 -6 3 0 0 0 0
0 -6 3 1 0 0 0
0 -6 3 2 -1 0 0
0 -6 3 2 0 0 0
0 -6 3 7 -5 0 0
0 -6 4 0 0 0 0
0 -7 -7 0 0 0 0
0 -7 -6 4 4 0 0
0 -7 -6 8 12 4 0
0 -7 -5 0 0 0 0
0 -7 -5 1 0 0 0
0 -7 -5 2 0 0 0
0 -7 -5 2 1 0 0
0 -7 -5 3 2 0 0
0 -7 -4 0 0 0 0
0 -7 -4 1 0 0 0
0 -7 -4 2 0 0 0
0 -7 -4 2 1 0 0
0 -7 -4 3 0 0 0
0 -7 -4 3 1 0 0
0 -7 -4 4 0 0 0
0 -7 -4 4 1 0 0
0 -7 -4 4 2 0 0
0 -7 -4 5 2 -1 0
0 -7 -4 5 2 0 0
0 -7 -4 5 3 0 0
0 -7 -4 6 4 0 0
0 -7 -4 10 7 -3 -2
0 -7 -3 0 0 0 0
0 -7 -3 1 0 0 0
0 -7 -3 2 0 0 0
0 -7 -3 3 0 0 0
0 -7 -3 3 1 0 0
0 -7 -3 4 0 0 0
0 -7 -3 4 1 0 0
0 -7 -3 4 2 0 0
0 -7 -3 5 -1 0 0
0 -7 -3 5 0 0 0
0 -7 -3 5 1 0 0
0 -7 -3 5 2 0 0
0 -7 -3 6 1 -1 0
0 -7 -3 6 1 0 0
0 -7 -3 6 2 -1 0
0 -7 -3 6 2 0 0
0 -7 -3 6 3 0 0
0 -7 -3 7 2 -2 0
0 -7 -3 7 2 -1 0
0 -7 -3 7 2 0 0
0 -7 -3 7 3 -1 0
0 -7 -3 7 3 0 0
0 -7 -3 7 4 0 0
0 -7 -3 8 3 -2 0
0 -7 -3 8 4 -2 -1
0 -7 -3 8 4 -1 0
0 -7 -3 8 4 0 0
0 -7 -3 8 5 0 0
0 -7 -3 8 6 1 0
0 -7 -3 9 6 0 0
0 -7 -3 9 7 1 0
0 -7 -3 10 5 -2 -1
0 -7 -3 10 7 0 0
0 -7 -3 10 9 2 0
0 -7 -3 12 10 0 -1
0 -7 -2 1 0 0 0
0 -7 -2 2 0 0 0
0 -7 -2 3 0 0 0
0 -7 -2 3 1 0 0
0 -7 -2 4 0 0 0
0 -7 -2 4 1 0 0
0 -7 -2 5 -1 0 0
0 -7 -2 5 0 0 0
0 -7 -2 5 1 0 0
0 -7 -2 5 2 0 0
0 -7 -2 6 -1 0 0
0 -7 -2 6 0 0 0
0 -7 -2 6 1 -1 0
0 -7 -2 6 1 0 0
0 -7 -2 6 2 0 0
0 -7 -2 7 -2 0 0
0 -7 -2 7 -1 0 0
0 -7 -2 7 0 -1 0
0 -7 -2 7 0 0 0
0 -7 -2 7 1 -1 0
0 -7 -2 7 1 0 0
0 -7 -2 7 2 -1 0
0 -7 -2 7 2 0 0
0 -7 -2 7 3 0 0
0 -7 -2 8 0 -1 0
0 -7 -2 8 1 -2 0
0 -7 -2 8 1 -1 0
0 -7 -2 8 1 0 0
0 -7 -2 8 2 -2 0
0 -7 -2 8 2 -1 0
0 -7 -2 8 2 0 0
0 -7 -2 8 3 -1 0
0 -7 -2 8 3 0 0
0 -7 -2 8 4 0 0
0 -7 -2 9 2 -3 0
0 -7 -2 9 2 -2 0
0 -7 -2 9 2 -1 0
0 -7 -2 9 3 -3 -1
0 -7 -2 9 3 -2 0
0 -7 -2 9 3 -1 0
0 -7 -2 9 3 0 0
0 -7 -2 9 4 -1 0
0 -7 -2 9 4 0 0
0 -7 -2 9 5 0 0
0 -7 -2 9 6 1 0
0 -7 -2 10 2 -4 0
0 -7 -2 10 3 -4 -1
0 -7 -2 10 3 -3 -1
0 -7 -2 10 3 -3 0
0 -7 -2 10 3 -2 0
0 -7 -2 10 4 -3 -1
0 -7 -2 10 4 -2 0
0 -7 -2 10 4 -1 0
0 -7 -2 10 4 0 0
0 -7 -2 10 5 -2 -1
0 -7 -2 10 5 -1 0
0 -7 -2 10 5 0 0
0 -7 -2 10 6 0 0
0 -7 -2 10 7 1 0
0 -7 -2 11 4 -5 -2
0 -7 -2 11 5 -4 -2
0 -7 -2 11 5 -3 -1
0 -7 -2 11 5 -2 0
0 -7 -2 11 6 -2 -1
0 -7 -2 11 6 -1 0
0 -7 -2 11 6 0 0
0 -7 -2 11 7 -1 -1
0 -7 -2 11 7 0 0
0 -7 -2 11 7 1 0
0 -7 -2 11 8 1 0
0 -7 -2 12 3 -6 -1
0 -7 -2 12 4 -4 -1
0 -7 -2 12 7 -3 -2
0 -7 -2 12 7 -2 -1
0 -7 -2 12 8 -1 -1
0 -7 -1 1 0 0 0
0 -7 -1 2 0 0 0
0 -7 -1 3 0 0 0
0 -7 -1 4 -1 0 0
0 -7 -1 4 0 0 0
0 -7 -1 4 1 0 0
0 -7 -1 5 -1 0 0
0 -7 -1 5 0 0 0
0 -7 -1 5 1 0 0
0 -7 -1 6 -1 0 0
0 -7 -1 6 0 -1 0
0 -7 -1 6 0 0 0
0 -7 -1 6 1 -1 0
0 -7 -1 6 1 0 0
0 -7 -1 6 2 0 0
0 -7 -1 7 -2 0 0
0 -7 -1 7 -1 0 0
0 -7 -1 7 0 -1 0
0 -7 -1 7 0 0 0
0 -7 -1 7 1 -1 0
0 -7 -1 7 1 0 0
0 -7 -1 7 2 0 0
0 -7 -1 7 3 0 0
0 -7 -1 8 -3 0 0
0 -7 -1 8 -2 0 0
0 -7 -1 8 -1 -1 0
0 -7 -1 8 -1 0 0
0 -7 -1 8 0 -2 0
0 -7 -1 8 0 -1 0
0 -7 -1 8 0 0 0
0 -7 -1 8 1 -2 0
0 -7 -1 8 1 -1 0
0 -7 -1 8 1 0 0
0 -7 -1 8 2 -1 0
0 -7 -1 8 2 0 0
0 -7 -1 8 3 0 0
0 -7 -1 9 -2 -1 0
0 -7 -1 9 -1 -1 0
0 -7 -1 9 -1 0 0
0 -7 -1 9 0 -2 0
0 -7 -1 9 0 -1 0
0 -7 -1 9 0 0 0
0 -7 -1 9 1 -3 0
0 -7 -1 9 1 -2 0
0 -7 -1 9 1 -1 0
0 -7 -1 9 1 0 0
0 -7 -1 9 2 -3 -1
0 -7 -1 9 2 -2 0
0 -7 -1 9 2 -1 0
0 -7 -1 9 2 0 0
0 -7 -1 9 3 -1 0
0 -7 -1 9 3 0 0
0 -7 -1 9 4 0 0
0 -7 -1 9 6 1 0
0 -7 -1 10 -2 -3 1
0 -7 -1 10 -1 -2 0
0 -7 -1 10 0 -4 1
0 -7 -1 10 0 -3 0
0 -7 -1 10 0 -2 0
0 -7 -1 10 0 -1 0
0 -7 -1 10 0 0 0
0 -7 -1 10 1 -4 0
0 -7 -1 10 1 -3 0
0 -7 -1 10 1 -2 0
0 -7 -1 10 1 -1 0
0 -7 -1 10 1 0 0
0 -7 -1 10 2 -4 -1
0 -7 -1 10 2 -3 0
0 -7 -1 10 2 -2 0
0 -7 -1 10 2 -1 0
0 -7 -1 10 2 0 0
0 -7 -1 10 3 -3 -1
0 -7 -1 10 3 -2 0
0 -7 -1 10 3 -1 0
0 -7 -1 10 3 0 0
0 -7 -1 10 4 -1 0
0 -7 -1 10 4 0 0
0 -7 -1 10 5 0 0
0 -7 -1 11 0 -5 1
0 -7 -1 11 0 -4 0
0 -7 -1 11 1 -5 0
0 -7 -1 11 1 -4 -1
0 -7 -1 11 1 -4 0
0 -7 -1 11 1 -3 0
0 -7 -1 11 1 -2 0
0 -7 -1 11 2 -5 -1
0 -7 -1 11 2 -4 -1
0 -7 -1 11 2 -4 0
0 -7 -1 11 2 -3 0
0 -7 -1 11 2 -2 0
0 -7 -1 11 2 -1 0
0 -7 -1 11 2 0 0
0 -7 -1 11 3 -5 -2
0 -7 -1 11 3 -4 -1
0 -7 -1 11 3 -3 -1
0 -7 -1 11 3 -3 0
0 -7 -1 11 3 -2 0
0 -7 -1 11 3 -1 0
0 -7 -1 11 3 0 0
0 -7 -1 11 4 -3 -1
0 -7 -1 11 4 -2 0
0 -7 -1 11 4 -1 0
0 -7 -1 11 4 0 0
0 -7 -1 11 5 -2 -1
0 -7 -1 11 5 -1 0
0 -7 -1 11 5 0 0
0 -7 -1 12 1 -6 0
0 -7 -1 12 1 -5 1
0 -7 -1 12 2 -6 -1
0 -7 -1 12 2 -5 -1
0 -7 -1 12 2 -5 0
0 -7 -1 12 3 -6 -2
0 -7 -1 12 3 -5 -1
0 -7 -1 12 3 -4 -1
0 -7 -1 12 3 -4 0
0 -7 -1 12 3 -3 0
0 -7 -1 12 4 -5 -2
0 -7 -1 12 4 -4 -1
0 -7 -1 12 4 -3 -1
0 -7 -1 12 4 -3 0
0 -7 -1 12 4 -2 0
0 -7 -1 12 5 -4 -2
0 -7 -1 12 5 -3 -1
0 -7 -1 13 3 -7 -2
0 -7 -1 13 4 -7 -3
0 -7 -1 13 4 -6 -2
0 -7 -1 13 4 -5 -2
0 -7 -1 13 4 -5 -1
0 -7 -1 13 5 -6 -3
0 -7 -1 13 5 -5 -2
0 -7 -1 14 4 -7 -2
0 -7 -1 14 5 -8 -4
0 -7 0 0 0 0 0
0 -7 0 1 0 0 0
0 -7 0 2 0 0 0
0 -7 0 3 0 0 0
0 -7 0 4 -1 0 0
0 -7 0 4 0 0 0
0 -7 0 4 1 0 0
0 -7 0 5 -1 0 0
0 -7 0 5 0 0 0
0 -7 0 5 1 0 0
0 -7 0 6 -2 0 0
0 -7 0 6 -1 0 0
0 -7 0 6 0 -1 0
0 -7 0 6 0 0 0
0 -7 0 6 1 0 0
0 -7 0 6 2 0 0
0 -7 0 7 -2 0 0
0 -7 0 7 -1 -1 0
0 -7 0 7 -1 0 0
0 -7 0 7 0 -1 0
0 -7 0 7 0 0 0
0 -7 0 7 1 -1 0
0 -7 0 7 1 0 0
0 -7 0 7 2 0 0
0 -7 0 8 -3 0 0
0 -7 0 8 -2 0 0
0 -7 0 8 -1 -1 0
0 -7 0 8 -1 0 0
0 -7 0 8 0 -2 0
0 -7 0 8 0 -1 0
0 -7 0 8 0 0 0
0 -7 0 8 1 -1 0
0 -7 0 8 1 0 0
0 -7 0 8 2 0 0
0 -7 0 8 3 0 0
0 -7 0 9 -4 0 0
0 -7 0 9 -3 0 0
0 -7 0 9 -2 -1 0
0 -7 0 9 -2 0 0
0 -7 0 9 -1 -2 0
0 -7 0 9 -1 -1 0
0 -7 0 9 -1 0 0
0 -7 0 9 0 -3 0
0 -7 0 9 0 -2 0
0 -7 0 9 0 -1 0
0 -7 0 9 0 0 0
0 -7 0 9 1 -2 0
0 -7 0 9 1 -1 0
0 -7 0 9 1 0 0
0 -7 0 9 2 -1 0
0 -7 0 9 2 0 0
0 -7 0 9 3 0 0
0 -7 0 9 4 0 0
0 -7 0 10 -4 0 0
0 -7 0 10 -3 -1 0
0 -7 0 10 -3 0 0
0 -7 0 10 -2 -2 0
0 -7 0 10 -2 -1 0
0 -7 0 10 -2 0 0
0 -7 0 10 -1 -4 1
0 -7 0 10 -1 -3 0
0 -7 0 10 -1 -2 0
0 -7 0 10 -1 -1 0
0 -7 0 10 -1 0 0
0 -7 0 10 0 -4 0
0 -7 0 10 0 -3 0
0 -7 0 10 0 -2 0
0 -7 0 10 0 -1 0
0 -7 0 10 0 0 0
0 -7 0 10 1 -4 -1
0 -7 0 10 1 -3 0
0 -7 0 10 1 -2 0
0 -7 0 10 1 -1 0
0 -7 0 10 1 0 0
0 -7 0 10 2 -2 0
0 -7 0 10 2 -1 0
0 -7 0 10 2 0 0
0 -7 0 10 3 -1 0
0 -7 0 10 3 0 0
0 -7 0 10 4 0 0
0 -7 0 11 -3 -3 1
0 -7 0 11 -2 -4 1
0 -7 0 11 -2 -3 0
0 -7 0 11 -2 -2 0
0 -7 0 11 -2 -1 0
0 -7 0 11 -1 -5 1
0 -7 0 11 -1 -4 0
0 -7 0 11 -1 -4 1
0 -7 0 11 -1 -3 0
0 -7 0 11 -1 -2 0
0 -7 0 11 -1 -1 0
0 -7 0 11 -1 0 0
0 -7 0 11 0 -5 0
0 -7 0 11 0 -4 0
0 -7 0 11 0 -3 0
0 -7 0 11 0 -2 0
0 -7 0 11 0 -1 0
0 -7 0 11 0 0 0
0 -7 0 11 1 -5 -1
0 -7 0 11 1 -4 -1
0 -7 0 11 1 -4 0
0 -7 0 11 1 -3 0
0 -7 0 11 1 -2 0
0 -7 0 11 1 -1 0
0 -7 0 11 1 0 0
0 -7 0 11 2 -4 -1
0 -7 0 11 2 -3 0
0 -7 0 11 2 -2 0
0 -7 0 11 2 -1 0
0 -7 0 11 3 -3 -1
0 -7 0 12 -3 -5 2
0 -7 0 12 -2 -6 2
0 -7 0 12 -2 -5 1
0 -7 0 12 -2 -4 0
0 -7 0 12 -2 -4 1
0 -7 0 12 -1 -6 1
0 -7 0 12 -1 -5 0
0 -7 0 12 -1 -5 1
0 -7 0 12 -1 -4 0
0 -7 0 12 -1 -4 1
0 -7 0 12 -1 -3 0
0 -7 0 12 -1 -2 0
0 -7 0 12 0 -6 0
0 -7 0 12 0 -5 -1
0 -7 0 12 0 -5 0
0 -7 0 12 0 -5 1
0 -7 0 12 0 -4 0
0 -7 0 12 0 -3 0
0 -7 0 12 0 -2 0
0 -7 0 12 1 -6 -1
0 -7 0 12 1 -5 -1
0 -7 0 12 1 -5 0
0 -7 0 12 1 -4 -1
0 -7 0 12 1 -4 0
0 -7 0 12 1 -3 0
0 -7 0 12 1 -2 0
0 -7 0 12 2 -6 -2
0 -7 0 12 2 -5 -1
0 -7 0 12 2 -4 -1
0 -7 0 12 2 -4 0
0 -7 0 12 3 -5 -2
0 -7 0 13 -2 -7 2
0 -7 0 13 -1 -7 1
0 -7 0 13 -1 -6 0
0 -7 0 13 -1 -6 1
0 -7 0 13 0 -7 0
0 -7 0 13 0 -6 -1
0 -7 0 13 0 -6 0
0 -7 0 13 0 -6 1
0 -7 0 13 0 -5 -1
0 -7 0 13 0 -5 0
0 -7 0 13 0 -5 1
0 -7 0 13 0 -4 0
0 -7 0 13 1 -7 -1
0 -7 0 13 1 -6 -1
0 -7 0 13 1 -6 0
0 -7 0 13 2 -7 -2
0 -7 0 14 -1 -7 2
0 -7 0 14 0 -7 -2
0 -7 0 14 0 -7 2
0 -7 0 14 1 -7 -2
0 -7 1 1 0 0 0
0 -7 1 2 0 0 0
0 -7 1 3 0 0 0
0 -7 1 4 -1 0 0
0 -7 1 4 0 0 0
0 -7 1 4 1 0 0
0 -7 1 5 -1 0 0
0 -7 1 5 0 0 0
0 -7 1 5 1 0 0
0 -7 1 6 -2 0 0
0 -7 1 6 -1 -1 0
0 -7 1 6 -1 0 0
0 -7 1 6 0 -1 0
0 -7 1 6 0 0 0
0 -7 1 6 1 0 0
0 -7 1 7 -3 0 0
0 -7 1 7 -2 0 0
0 -7 1 7 -1 -1 0
0 -7 1 7 -1 0 0
0 -7 1 7 0 -1 0
0 -7 1 7 0 0 0
0 -7 1 7 1 0 0
0 -7 1 7 2 0 0
0 -7 1 8 -3 0 0
0 -7 1 8 -2 -1 0
0 -7 1 8 -2 0 0
0 -7 1 8 -1 -2 0
0 -7 1 8 -1 -1 0
0 -7 1 8 -1 0 0
0 -7 1 8 0 -2 0
0 -7 1 8 0 -1 0
0 -7 1 8 0 0 0
0 -7 1 8 1 -1 0
0 -7 1 8 1 0 0
0 -7 1 8 2 0 0
0 -7 1 8 3 0 0
0 -7 1 9 -6 1 0
0 -7 1 9 -4 0 0
0 -7 1 9 -3 -1 0
0 -7 1 9 -3 0 0
0 -7 1 9 -2 -3 1
0 -7 1 9 -2 -2 0
0 -7 1 9 -2 -1 0
0 -7 1 9 -2 0 0
0 -7 1 9 -1 -3 0
0 -7 1 9 -1 -2 0
0 -7 1 9 -1 -1 0
0 -7 1 9 -1 0 0
0 -7 1 9 0 -2 0
0 -7 1 9 0 -1 0
0 -7 1 9 0 0 0
0 -7 1 9 1 -1 0
0 -7 1 9 1 0 0
0 -7 1 9 2 -1 0
0 -7 1 10 -5 0 0
0 -7 1 10 -4 -1 0
0 -7 1 10 -4 0 0
0 -7 1 10 -3 -3 1
0 -7 1 10 -3 -2 0
0 -7 1 10 -3 -1 0
0 -7 1 10 -3 0 0
0 -7 1 10 -2 -4 1
0 -7 1 10 -2 -3 0
0 -7 1 10 -2 -2 0
0 -7 1 10 -2 -1 0
0 -7 1 10 -2 0 0
0 -7 1 10 -1 -4 0
0 -7 1 10 -1 -3 0
0 -7 1 10 -1 -2 0
0 -7 1 10 -1 -1 0
0 -7 1 10 -1 0 0
0 -7 1 10 0 -4 -1
0 -7 1 10 0 -3 0
0 -7 1 10 0 -2 0
0 -7 1 10 0 -1 0
0 -7 1 10 0 0 0
0 -7 1 10 1 -2 0
0 -7 1 10 2 -3 -1
0 -7 1 11 -5 -2 1
0 -7 1 11 -5 -1 0
0 -7 1 11 -5 0 0
0 -7 1 11 -4 -3 1
0 -7 1 11 -4 -2 0
0 -7 1 11 -4 -1 0
0 -7 1 11 -4 0 0
0 -7 1 11 -3 -5 2
0 -7 1 11 -3 -4 1
0 -7 1 11 -3 -3 0
0 -7 1 11 -3 -3 1
0 -7 1 11 -3 -2 0
0 -7 1 11 -3 -1 0
0 -7 1 11 -3 0 0
0 -7 1 11 -2 -5 1
0 -7 1 11 -2 -4 0
0 -7 1 11 -2 -4 1
0 -7 1 11 -2 -3 0
0 -7 1 11 -2 -2 0
0 -7 1 11 -2 -1 0
0 -7 1 11 -2 0 0
0 -7 1 11 -1 -5 0
0 -7 1 11 -1 -4 0
0 -7 1 11 -1 -4 1
0 -7 1 11 -1 -3 0
0 -7 1 11 -1 -2 0
0 -7 1 11 0 -5 -1
0 -7 1 11 0 -4 0
0 -7 1 12 -5 -4 2
0 -7 1 12 -5 -3 1
0 -7 1 12 -4 -5 2
0 -7 1 12 -4 -4 1
0 -7 1 12 -4 -3 0
0 -7 1 12 -4 -3 1
0 -7 1 12 -4 -2 0
0 -7 1 12 -3 -6 2
0 -7 1 12 -3 -5 1
0 -7 1 12 -3 -4 0
0 -7 1 12 -3 -4 1
0 -7 1 12 -3 -3 0
0 -7 1 12 -2 -6 1
0 -7 1 12 -2 -5 0
0 -7 1 12 -2 -5 1
0 -7 1 12 -1 -6 0
0 -7 1 12 -1 -5 -1
0 -7 1 13 -5 -6 3
0 -7 1 13 -5 -5 2
0 -7 1 13 -4 -7 3
0 -7 1 13 -4 -6 2
0 -7 1 13 -4 -5 1
0 -7 1 13 -4 -5 2
0 -7 1 13 -3 -7 2
0 -7 1 14 -5 -8 4
0 -7 1 14 -4 -7 2
0 -7 2 1 0 0 0
0 -7 2 2 0 0 0
0 -7 2 3 -1 0 0
0 -7 2 3 0 0 0
0 -7 2 4 -1 0 0
0 -7 2 4 0 0 0
0 -7 2 5 -2 0 0
0 -7 2 5 -1 0 0
0 -7 2 5 0 0 0
0 -7 2 5 1 0 0
0 -7 2 6 -2 0 0
0 -7 2 6 -1 -1 0
0 -7 2 6 -1 0 0
0 -7 2 6 0 0 0
0 -7 2 6 1 0 0
0 -7 2 7 -3 0 0
0 -7 2 7 -2 -1 0
0 -7 2 7 -2 0 0
0 -7 2 7 -1 -1 0
0 -7 2 7 -1 0 0
0 -7 2 7 0 -1 0
0 -7 2 7 0 0 0
0 -7 2 7 1 0 0
0 -7 2 7 2 0 0
0 -7 2 8 -4 0 0
0 -7 2 8 -3 -1 0
0 -7 2 8 -3 0 0
0 -7 2 8 -2 -2 0
0 -7 2 8 -2 -1 0
0 -7 2 8 -2 0 0
0 -7 2 8 -1 -2 0
0 -7 2 8 -1 -1 0
0 -7 2 8 -1 0 0
0 -7 2 8 0 -1 0
0 -7 2 9 -6 1 0
0 -7 2 9 -5 0 0
0 -7 2 9 -4 -1 0
0 -7 2 9 -4 0 0
0 -7 2 9 -3 -3 1
0 -7 2 9 -3 -2 0
0 -7 2 9 -3 -1 0
0 -7 2 9 -3 0 0
0 -7 2 9 -2 -3 0
0 -7 2 9 -2 -2 0
0 -7 2 9 -2 -1 0
0 -7 2 10 -7 1 0
0 -7 2 10 -6 0 0
0 -7 2 10 -5 -2 1
0 -7 2 10 -5 -1 0
0 -7 2 10 -5 0 0
0 -7 2 10 -4 -3 1
0 -7 2 10 -4 -2 0
0 -7 2 10 -4 -1 0
0 -7 2 10 -4 0 0
0 -7 2 10 -3 -4 1
0 -7 2 10 -3 -3 0
0 -7 2 10 -3 -3 1
0 -7 2 10 -3 -2 0
0 -7 2 10 -2 -4 0
0 -7 2 11 -8 1 0
0 -7 2 11 -7 -1 1
0 -7 2 11 -7 0 0
0 -7 2 11 -7 1 0
0 -7 2 11 -6 -2 1
0 -7 2 11 -6 -1 0
0 -7 2 11 -6 0 0
0 -7 2 11 -5 -4 2
0 -7 2 11 -5 -3 1
0 -7 2 11 -5 -2 0
0 -7 2 11 -4 -5 2
0 -7 2 12 -8 -1 1
0 -7 2 12 -7 -3 2
0 -7 2 12 -7 -2 1
0 -7 2 12 -4 -4 1
0 -7 2 12 -3 -6 1
0 -7 3 0 0 0 0
0 -7 3 1 0 0 0
0 -7 3 2 0 0 0
0 -7 3 3 -1 0 0
0 -7 3 3 0 0 0
0 -7 3 4 -2 0 0
0 -7 3 4 -1 0 0
0 -7 3 4 0 0 0
0 -7 3 5 -2 0 0
0 -7 3 5 -1 0 0
0 -7 3 5 0 0 0
0 -7 3 5 1 0 0
0 -7 3 6 -3 0 0
0 -7 3 6 -2 -1 0
0 -7 3 6 -2 0 0
0 -7 3 6 -1 -1 0
0 -7 3 6 -1 0 0
0 -7 3 7 -4 0 0
0 -7 3 7 -3 -1 0
0 -7 3 7 -3 0 0
0 -7 3 7 -2 -2 0
0 -7 3 7 -2 -1 0
0 -7 3 7 -2 0 0
0 -7 3 8 -6 1 0
0 -7 3 8 -5 0 0
0 -7 3 8 -4 -2 1
0 -7 3 8 -4 -1 0
0 -7 3 8 -4 0 0
0 -7 3 8 -3 -2 0
0 -7 3 9 -7 1 0
0 -7 3 9 -6 0 0
0 -7 3 10 -9 2 0
0 -7 3 10 -7 0 0
0 -7 3 10 -5 -2 1
0 -7 3 12 -10 0 1
0 -7 4 0 0 0 0
0 -7 4 1 0 0 0
0 -7 4 2 -1 0 0
0 -7 4 2 0 0 0
0 -7 4 3 -1 0 0
0 -7 4 3 0 0 0
0 -7 4 4 -2 0 0
0 -7 4 4 -1 0 0
0 -7 4 4 0 0 0
0 -7 4 5 -3 0 0
0 -7 4 5 -2 -1 0
0 -7 4 5 -2 0 0
0 -7 4 6 -4 0 0
0 -7 4 10 -7 -3 2
0 -7 5 0 0 0 0
0 -7 5 1 0 0 0
0 -7 5 2 -1 0 0
0 -7 5 2 0 0 0
0 -7 5 3 -2 0 0
0 -7 6 4 -4 0 0
0 -7 6 8 -12 4 0
0 -7 7 0 0 0 0
0 -9 -9 0 0 0 0
0 -9 -7 12 11 -4 -4
0 -9 -5 12 5 -3 -1
0 -9 -4 5 2 0 0
0 -9 0 0 0 0 0
0 -9 4 5 -2 0 0
0 -9 5 12 -5 -3 1
0 -9 7 12 -11 -4 4
0 -9 9 0 0 0 0
